10000000000.0	1.9893360616400578e-10	-5.2526383857176213e-05
7931787475.313466	3.162028702739917e-10	-6.622263143066885e-05
6291325255.353957	5.026010998119239e-10	-8.349017372856821e-05
4990145486.353981	7.988790504658413e-10	-0.00010526022537240587
3958077346.8654532	1.2698095764162129e-09	-0.00013270681507112495
3139462832.6189356	2.0183483649784923e-09	-0.00016731009936121497
2490155197.497901	3.208142240181454e-09	-0.0002109361853954364
1975138180.710058	5.09930581086738e-09	-0.0002659377675116813
1566637628.3769464	8.105287957970116e-09	-0.00033528100477104103
1242623671.9115055	1.288326030292137e-08	-0.0004227054817916907
985622687.739571	2.0477788332609276e-08	-0.0005329258793383977
781774968.9997524	3.254919442601174e-08	-0.0006718862304706496
620087290.762581	5.173653717952019e-08	-0.000847080473906532
491840060.6471699	8.223456086857221e-08	-0.001067956591552291
390117083.28986377	1.3071074625990252e-07	-0.001346426124677715
309432579.5144362	2.0776294549149658e-07	-0.0016975065460462385
245435345.8646543	3.3023626332064784e-07	-0.0021401311298558955
194674100.2328494	5.249056900301661e-07	-0.0026981699938929187
154411358.9994833	8.343295614088735e-07	-0.0034017173757685606
122475808.33582328	1.326153487467947e-06	-0.004288714561236817
97145208.25869757	2.1078986948710085e-06	-0.005406995980832395
77053514.61530557	3.350467657182204e-06	-0.00681686880593964
61117210.21545638	5.325505518001713e-06	-0.008594365134283848
48476872.251305714	8.464784685076884e-06	-0.010835342102666005
38450824.81652768	1.3454594116972431e-05	-0.013660650944361603
30498377.069520645	2.1385766398846905e-05	-0.017222653559460073
24190664.525741126	3.39921368222634e-05	-0.021713437644255425
19187520.990478326	5.402955648690581e-05	-0.027375172643357128
15219133.86745902	8.587829786235279e-05	-0.034513163472842084
12071493.539503045	0.0001365005032424652	-0.04351230291528489
9574852.126495767	0.00021696188559439035	-0.05485780380246161
7594569.217491764	0.00034485010545610967	-0.0691613167593325
6023850.899970236	0.0005481179363868165	-0.08719381742024457
4777990.512153967	0.0008711899865390861	-0.1099269874836883
3789800.5301469406	0.001384664560646933	-0.1385852227803716
3005989.2378955837	0.002200723169716932	-0.1747108760925952
2384286.7788067264	0.003497595462446334	-0.2202458591373376
1891165.600969468	0.005558375776168254	-0.2776332165440373
1500032.362751329	0.008832546874048221	-0.34994257561662695
1189793.7907435857	0.014033334977639776	-0.4410230969881411
943719.1487625705	0.02229136372143322	-0.5556859229957776
748537.9724368443	0.03539615779045425	-0.6999135604435347
593724.4114571097	0.05617319917969907	-0.8810830212461492
470929.5850583362	0.08906630357082534	-1.108166915247548
373531.3384520279	0.1410213795978839	-1.3918311614800505
296277.119197087	0.2227885601814735	-1.744261180831691
235000.71432694094	0.35074514320207617	-2.178393850493409
186397.5722588148	0.5492159110255463	-2.7059861364482316
147846.5929071301	0.8528712257052449	-3.3336399453519543
117268.77538885432	1.307864345947785	-4.055743197590567
93015.10038746627	1.9687640654466898	-4.843955413917171
73777.60082683298	2.8867167361986588	-5.635655678066558
58518.82501969502	4.085528104571908	-6.329505096834427
46415.888336127726	5.531293986337622	-6.801335495460499
36816.09617600463	7.116634445111817	-6.946669190190426
29201.74505387695	8.683813098297897	-6.730835967780876
23162.203567563814	10.082442075036104	-6.207972026743572
18371.767615786357	11.221737609651113	-5.491664377079305
14572.095627426375	12.083365036799039	-4.703461196900973
11558.276558669064	12.699829182607635	-3.936108174353957
9167.779324426052	13.124418576235795	-3.2435466329146942
7271.68772219203	13.410167733364771	-2.6480299766378073
5767.748159927346	13.600510386524183	-2.1518350178834655
4574.855261567401	13.727534081771527	-1.7469859852607845
3628.677966507222	13.813574174909213	-1.4214920137511255
2878.1902446687923	13.873642963915545	-1.1627497962420432
2282.919333423333	13.917633806771855	-0.9591431527084653
1810.7630975998156	13.95200811739874	-0.8006418105790181
1436.2588058302033	13.980985474132975	-0.6788997190294305
1139.2099607392681	14.007346815929548	-0.5871309576279735
903.5971298344073	14.03296306109418	-0.5199060156845422
716.7140397149748	14.059138196745476	-0.47293649200222765
568.4823443592555	14.086830510034243	-0.4428774957445316
450.908113892558	14.116795169089226	-0.4271579447725647
357.6507330290209	14.14967663755636	-0.4238401187676478
283.68096047762685	14.186069390738378	-0.43150611431976854
225.00970893013348	14.226558796490012	-0.44916760677919937
178.47291911159613	14.271749747557482	-0.4761952058218869
141.56092644919914	14.322287894579171	-0.5122640389692327
112.28311834035286	14.378876590116896	-0.5573126968528046
89.06058317411505	14.442291556280383	-0.6115131850363132
70.6409618164559	14.51339459968682	-0.6752499924915925
56.030909617986175	14.59314726883226	-0.749106788504096
44.44252671383636	14.682625085695683	-0.8338595975626801
35.250867676009136	14.783032825532354	-0.9304755824463518
27.960239072650154	14.895721228502973	-1.0401167982348083
22.17746740832167	15.022205479887704	-1.1641484724587534
17.590695822349844	15.16418577653686	-1.304151540036564
13.95256608057634	15.323570388154783	-1.4619392177016488
11.06687888863989	15.502500690750457	-1.6395773709783223
8.77801313597249	15.703379629292831	-1.83941401943665
6.962533465004367	15.928926353175141	-2.064105895598949
5.522533573417251	16.182198942643925	-2.3165658510363127
4.380356262962907	16.466354708908714	-2.600015241895
3.4744054943980083	16.78455226713301	-2.9187704216169466
2.7558245984626413	17.141481208782547	-3.279203061951049
2.185861503424665	17.54636920424564	-3.6880002118220543
1.7337788895633621	18.013204670581104	-4.146171893628162
1.3751965681201566	18.553416021569177	-4.6430613923598045
1.090776691510952	19.162322931490717	-5.1586127106435535
0.8651808900090429	19.808894159673926	-5.678579361951737
0.6862430947254284	20.44036696623298	-6.216194020162682
0.5443134383763506	21.00246290112678	-6.824546105795289
0.43173785131583453	21.46058654257985	-7.5904347173126565
0.3424452881685684	21.807100639022632	-8.617931774897512
0.27162032476755615	22.054441074158152	-10.016556874807904
0.21544346900318778	22.22371554711553	-11.900418323936577
0.17088518090775698	22.336235182378903	-14.395529847321308
0.13554249376408226	22.40958212253802	-17.650639478240535
0.10750942544107013	22.456785846368646	-21.84909904339197
0.0852741914191627	22.486914532548212	-27.22147272995167
0.06763767634659977	22.506043318080923	-34.05963818780658
0.05364876741052659	22.518147468659233	-42.7334698107024
0.04255306214128201	22.52579033689405	-53.71129379412889
0.033752184532845626	22.530609749484146	-67.5854104507799
0.026771515454209385	22.533646179332948	-85.10417300996647
0.02123459709748589	22.535558233164224	-107.21241486904215
0.016842831130116625	22.536761856747866	-135.1024382939211
0.01335937570066788	22.53751936813509	-170.27833129662426
0.010596372886056455	22.537996051150248	-214.63708987545226
0.00840481777413738	22.538295990684166	-270.5709248133595
0.0066665228353194874	22.538484709322535	-341.0962725062511
0.005287744232907832	22.538603445054463	-430.01646830424323
0.004194126347923936	22.538678148217024	-542.1268556684851
0.003326691883634528	22.53872514745567	-683.4733926735332
0.0026386613016839314	22.538754716621074	-861.6787022841459
0.0020929300664290934	22.538773319709183	-1086.3531499152505
0.0016600676487609264	22.53878502358158	-1369.613117152695
0.001316730378461499	22.53879238689446	-1726.7344214354493
0.0010444025524245677	22.53879701940519	-2176.9761197256676
0.0008283979084506602	22.538799933870948	-2744.619122760989
0.0006570676154824818	22.53880176745819	-3460.275630918309
0.0005211720682918034	22.538802921028527	-4362.540007751284
0.000413382608376014	22.53880364677826	-5500.070120523753
0.00032788629956292796	22.538804103369475	-6934.211391549553
0.0002600724444200111	22.53880439062604	-8742.305071790486
0.00020628393573248017	22.538804571350784	-11021.859147322288
0.0001636200337801254	22.538804685048014	-13895.806809873247
0.0001297799334647565	22.538804756582582	-17519.13607346315
0.00010293868508027706	22.538804801588967	-22087.248063178962
8.164877730449787e-05	22.538804829901228	-27846.494727015976
6.476207491984747e-05	22.538804847707507	-35107.464254978244
5.1367901472455845e-05	22.53880485891951	-44261.7306696762
4.074392775323614e-05	22.538804865988862	-55802.97087062668
3.2317217584819515e-05	22.53880487046686	-70353.58794518541
2.5633330167625153e-05	22.538804873264095	-88698.27650436915
2.0331812717414403e-05	22.538804875081308	-111826.34017560561
1.612676174624066e-05	22.53880487623825	-140985.043376141
1.2791404683619599e-05	22.538804877027943	-177746.87455429696
1.0145870346119995e-05	22.538804877650115	-224094.34831194882
8.047488733750887e-06	22.538804878245042	-282526.9196691494
6.383097034609151e-06	22.538804879013064	-356195.7762090021
5.062936911282339e-06	22.538804879768776	-449073.7772563304
4.01581395812115e-06	22.538804881093707	-566169.704674501
3.1852582856214338e-06	22.538804882798484	-713798.3795289178
2.5264791775530533e-06	22.538804886195685	-899921.2116344506
2.003949589715557e-06	22.53880489072282	-1134575.5473518777
1.5894902256865416e-06	22.538804898221834	-1430415.9697649037
1.2607498664233686e-06	22.538804910940655	-1803396.74280604
1e-06	22.53880493033152	-2273632.2025971552
