10000000000.0	6.167386989609915	-0.007386961663795412
7931787475.313466	6.16829434637647	-0.008294306815684029
6291325255.353957	6.169313156548669	-0.009313100546054151
4990145486.353981	6.17045711078685	-0.010457031509029399
3958077346.8654532	6.171741581685035	-0.011741469458618224
3139462832.6189356	6.173183830486889	-0.013183671618132945
2490155197.497901	6.174803239243555	-0.01480301434747185
1975138180.710058	6.176621571559519	-0.016621253194541483
1566637628.3769464	6.178663265467831	-0.018662814787419546
1242623671.9115055	6.180955762423391	-0.02095512443602487
985622687.739571	6.183529876910516	-0.02352897376969067
781774968.9997524	6.186420211738088	-0.026418933243569396
620087290.762581	6.189665624753878	-0.02966381490519412
491840060.6471699	6.193309753463405	-0.033307191424844444
390117083.28986377	6.197401604905643	-0.03739797806012856
309432579.5144362	6.201996219140521	-0.04199108494442781
245435345.8646543	6.20715541587024	-0.047148147854724154
194674100.2328494	6.212948635085168	-0.052938346415160466
154411358.9994833	6.2194538842444285	-0.059439319508049364
122475808.33582328	6.226758806435936	-0.06673818846063882
97145208.25869757	6.234961886297393	-0.07493269930157297
77053514.61530557	6.24417381333535	-0.08413249595597275
61117210.21545638	6.254519025812638	-0.09446053655280257
48476872.251305714	6.26613746280166	-0.10605466487525099
38450824.81652768	6.279186557618466	-0.1190693481330618
30498377.069520645	6.293843513066831	-0.1336775902925843
24190664.525741126	6.310307908290427	-0.1500730266071692
19187520.990478326	6.328804699319796	-0.1684721989325312
15219133.86745902	6.34958769165414	-0.18911700169964224
12071493.539503045	6.372943584856333	-0.21227727331282786
9574852.126495767	6.399196718074614	-0.23825348469723096
7594569.217491764	6.428714684206147	-0.26737944189983937
6023850.899970236	6.461915031451501	-0.30002486854141314
4777990.512153967	6.4992733543995	-0.33659765426141225
3789800.5301469406	6.541333073821263	-0.3775453619658751
3005989.2378955837	6.588717220119796	-0.4233562044032758
2384286.7788067264	6.642146555954925	-0.4745583524603225
1891165.600969468	6.702460304883231	-0.5317023185073643
1500032.362751329	6.770596118132861	-0.5953429778686813
1189793.7907435857	6.84757428586653	-0.6661389773619978
943719.1487625705	6.934768331183931	-0.7450087516161924
748537.9724368443	7.0344884630072215	-0.8327898672839817
593724.4114571097	7.150029787188257	-0.9290516513888664
470929.5850583362	7.284199227271447	-1.0309955506721686
373531.3384520279	7.4368140166062595	-1.1342439938473718
296277.119197087	7.603537067769895	-1.236179849091367
235000.71432694094	7.778337350777692	-1.3397365352335364
186397.5722588148	7.958873520007443	-1.4540324260861295
147846.5929071301	8.151142182068975	-1.5904667151311302
117268.77538885432	8.370455459223736	-1.7563624423008461
93015.10038746627	8.63850567678681	-1.9488611736614614
73777.60082683298	8.977084808973434	-2.1505431773809844
58518.82501969502	9.398556977671008	-2.328616677253805
46415.888336127726	9.89504081743086	-2.4411712421355825
36816.09617600463	10.433019847301729	-2.45219854461403
29201.74505387695	10.961262216278838	-2.348922131027351
23162.203567563814	11.43045601645482	-2.148438222922027
18371.767615786357	11.810979057304301	-1.8879127923381145
14572.095627426375	12.097315047873877	-1.6072574088496654
11558.276558669064	12.300818954410488	-1.3367733887586775
9167.779324426052	12.43964278737522	-1.0938200014000474
7271.68772219203	12.53171228208422	-0.8852309145384115
5767.748159927346	12.5916369968196	-0.7112520602026813
4574.855261567401	12.630163936283825	-0.5687938244806492
3628.677966507222	12.654738555336815	-0.4535047331726921
2878.1902446687923	12.670334574358375	-0.36089307587320574
2282.919333423333	12.680200686678518	-0.2868461996305615
1810.7630975998156	12.686429359358785	-0.22781749824640693
1436.2588058302033	12.690356598742337	-0.1808486251800391
1139.2099607392681	12.692830757610043	-0.14351955569979985
903.5971298344073	12.694388681404622	-0.1138737553328114
716.7140397149748	12.69536935684578	-0.09034076315896407
568.4823443592555	12.695986543528335	-0.07166561856955811
450.908113892558	12.696374919638586	-0.05684826006529522
357.6507330290209	12.696619292896509	-0.04509313472818155
283.68096047762685	12.696773049210346	-0.035768065460178196
225.00970893013348	12.696869787513382	-0.028371042928773817
178.47291911159613	12.696930650786609	-0.022503594523627168
141.56092644919914	12.696968942666922	-0.017849515753804484
112.28311834035286	12.696993033657098	-0.014157927827144595
89.06058317411505	12.697008190210349	-0.011229803030384893
70.6409618164559	12.697017725741553	-0.008907258852114491
56.030909617986175	12.697023724874395	-0.007065057277519189
44.44252671383636	12.697027499131917	-0.005603857702531907
35.250867676009136	12.697029873643217	-0.004444863039441304
27.960239072650154	12.697031367526751	-0.003525571999200862
22.17746740832167	12.697032307377965	-0.002796409331889143
17.590695822349844	12.697032898669125	-0.0022180527255272957
13.95256608057634	12.697033270669703	-0.001759312419558435
11.06687888863989	12.697033504707397	-0.001395449289710711
8.77801313597249	12.697033651948136	-0.0011068407539132261
6.962533465004367	12.697033744582074	-0.0008779225799007225
5.522533573417251	12.697033802861103	-0.0006963495408361982
4.380356262962907	12.697033839526336	-0.0005523296608751647
3.4744054943980083	12.697033862593628	-0.00043809615074922285
2.7558245984626413	12.697033877106012	-0.00034748855720410834
2.185861503424665	12.697033886236222	-0.0002756205391094639
1.7337788895633621	12.697033891980336	-0.0002186163542678662
1.3751965681201566	12.697033895594142	-0.00017340184619994722
1.090776691510952	12.69703389786771	-0.0001375386592529804
0.8651808900090429	12.69703389929808	-0.0001090927415165387
0.6862430947254284	12.697033900197978	-8.653004409759272e-05
0.5443134383763506	12.69703390076413	-6.86337920088997e-05
0.43173785131583453	12.697033901120314	-5.443886518697245e-05
0.3424452881685684	12.697033901344403	-4.31797509087322e-05
0.27162032476755615	12.697033901485383	-3.4249260745228946e-05
0.21544346900318778	12.697033901574079	-2.716578574320388e-05
0.17088518090775698	12.69703390162988	-2.1547323911103033e-05
0.13554249376408226	12.697033901664984	-1.7090879392328936e-05
0.10750942544107013	12.697033901687075	-1.3556122311244077e-05
0.0852741914191627	12.69703390170097	-1.0752428116295383e-05
0.06763767634659977	12.697033901709712	-8.5285974650097e-06
0.05364876741052659	12.697033901715212	-6.764702255461986e-06
0.04255306214128201	12.697033901718669	-5.3656180626139325e-06
0.033752184532845626	12.697033901720845	-4.2558942148947435e-06
0.026771515454209385	12.697033901722214	-3.375684842778263e-06
0.02123459709748589	12.697033901723078	-2.6775214749397767e-06
0.016842831130116625	12.697033901723621	-2.1237531305024027e-06
0.01335937570066788	12.69703390172396	-1.6845158484619839e-06
0.010596372886056455	12.697033901724177	-1.3361221711418014e-06
0.00840481777413738	12.697033901724312	-1.0597837096136594e-06
0.0066665228353194874	12.697033901724396	-8.405979154225281e-07
0.005287744232907832	12.69703390172445	-6.667444021479944e-07
0.004194126347923936	12.697033901724481	-5.288474897696912e-07
0.003326691883634528	12.697033901724502	-4.1947058946958083e-07
0.0026386613016839314	12.697033901724518	-3.327151569161232e-07
0.0020929300664290934	12.697033901724527	-2.639025911846928e-07
0.0016600676487609264	12.69703390172453	-2.093219261316096e-07
0.001316730378461499	12.697033901724534	-1.6602970370083728e-07
0.0010444025524245677	12.697033901724536	-1.3169123444620606e-07
0.0008283979084506602	12.697033901724538	-1.044546866644131e-07
0.0006570676154824818	12.69703390172454	-8.285123695391072e-08
0.0005211720682918034	12.697033901724541	-6.571584006938773e-08
0.000413382608376014	12.697033901724541	-5.212440910357592e-08
0.00032788629956292796	12.69703390172454	-4.134397379062827e-08
0.0002600724444200111	12.69703390172454	-3.27931612156425e-08
0.00020628393573248017	12.69703390172454	-2.601083836810331e-08
0.0001636200337801254	12.697033901724541	-2.0631243989134132e-08
0.0001297799334647565	12.69703390172454	-1.6364264378966625e-08
0.00010293868508027706	12.69703390172454	-1.2979786893913073e-08
8.164877730449787e-05	12.697033901724541	-1.0295290858778439e-08
6.476207491984747e-05	12.69703390172454	-8.166005889168386e-09
5.1367901472455845e-05	12.69703390172454	-6.477102062755994e-09
4.074392775323614e-05	12.697033901724541	-5.13750106798944e-09
3.2317217584819515e-05	12.697033901724538	-4.074956256556154e-09
2.5633330167625153e-05	12.69703390172454	-3.2321688331258473e-09
2.0331812717414403e-05	12.69703390172454	-2.563687352005185e-09
1.612676174624066e-05	12.697033901724541	-2.0334628083886915e-09
1.2791404683619599e-05	12.69703390172454	-1.6128988203954436e-09
1.0145870346119995e-05	12.697033901724541	-1.2793162890143031e-09
8.047488733750887e-06	12.697033901724541	-1.0147262420831806e-09
6.383097034609151e-06	12.697033901724541	-8.04860056155356e-10
5.062936911282339e-06	12.69703390172454	-6.383988794881522e-10
4.01581395812115e-06	12.69703390172454	-5.063630837791399e-10
3.1852582856214338e-06	12.697033901724541	-4.0163721656271517e-10
2.5264791775530533e-06	12.697033901724541	-3.185691579341848e-10
2.003949589715557e-06	12.697033901724541	-2.5268283820541836e-10
1.5894902256865416e-06	12.697033901724541	-2.0042419305146366e-10
1.2607498664233686e-06	12.697033901724538	-1.5897122038781045e-10
1e-06	12.69703390172454	-1.26092500944377e-10
