10000000000.0	6.1731650770445405	-0.0128492331542003
9549375450.12083	6.1734647542465995	-0.013148904735226782
9119057148.73708	6.1737714207487295	-0.013455565464526012
8708130046.439873	6.174085239564762	-0.013769378333759272
8315720328.193283	6.1744063775108415	-0.014090510135826361
7940993555.211967	6.1747350052941465	-0.014419131553475911
7583152890.570921	6.175071297603658	-0.01475541724998025
7241437404.773077	6.17541543320307	-0.015099545961923701
6915120457.672672	6.175767595025854	-0.01545170059415253
6603508153.312801	6.176127970272557	-0.015812068316937464
6305937864.391801	6.17649675051035	-0.016180840665399904
6021776823.221068	6.176874131774932	-0.016558213641254003
5750420776.177388	6.177260314674784	-0.01694438781691926
5491292698.789334	6.177655504497876	-0.017339568442057633
5243841568.724664	6.1780599113208625	-0.01774396555259244
5007541194.070241	6.178473750120828	-0.018157794082265654
4781889094.412331	6.17889724088964	-0.018581273976793274
4566405432.338163	6.179330608750978	-0.019014630310678852
4360631993.0868635	6.1797740840801	-0.019458093406746146
4164131210.179517	6.1802279026264	-0.01991189895845523
3976485234.9570384	6.180692305638828	-0.020376288155065047
3797295048.0466704	6.181167539994256	-0.020851507809709943
3626179610.8682275	6.181653858328828	-0.021337810490456126
3462775055.37539	6.182151519172393	-0.021835454654408323
3306733910.309255	6.182660787086069	-0.022344704784936734
3157724362.3189387	6.1831819328030315	-0.022865831532096027
3015429550.377693	6.183715233372599	-0.023399111856311407
2879546891.9945755	6.184260972307674	-0.023944829175405892
2749787439.7884736	6.184819439735644	-0.024503273515047427
2625875267.0566664	6.185390932552814	-0.025074741662693547
2507546881.031051	6.1859757545824365	-0.025659537325115476
2394550662.574498	6.186574216736466	-0.026257971289583792
2286646331.1259575	6.187186637181072	-0.026870361588799793
2183604433.7563086	6.187813341506042	-0.02749703366966009
2085205857.2487578	6.188454662898153	-0.028138320565941205
1991241362.1659448	6.189110942318591	-0.028794563074996355
1901511137.9132636	6.189782528684534	-0.029466109938554846
1815824377.852032	6.190469779054985	-0.030153318027720182
1733998873.5591125	6.191173058820968	-0.03085655253226269
1655860627.370263	6.1918927419001655	-0.03157618715430481
1581243482.3831267	6.192629210936136	-0.0323126043065016
1509988769.1333063	6.193382857502189	-0.033066195314817484
1441944968.1919765	6.194154082310045	-0.033837360626006834
1376967387.9677725	6.1949432954234	-0.03462651001990418
1314917857.0276506	6.195750916476485	-0.03543406282663573
1255664430.282534	6.196577374897773	-0.03626044814886412
1199081108.4130037	6.197423110138916	-0.03710610508918092
1145047569.9382813	6.19828857190909	-0.03797148298276595
1093448915.3589137	6.199174220414811	-0.03885704163543154
1044175422.8289704	6.200080526605417	-0.03976325156717618
997122314.8382508	6.2010079724243035	-0.0406905942613723
952189535.4084085	6.201957051066072	-0.04163956241971543
909281537.3291016	6.202928267239735	-0.04261066022306763
868307078.9818686	6.203922137438107	-0.043604403598326034
829179030.3195585	6.204939190213545	-0.044621320491456055
791814187.5888621	6.205979966460186	-0.045661951146825516
756133096.401845	6.207045019702833	-0.046726848392985125
722059882.7803626	6.208134916392658	-0.04781657793503742
689522091.8139948	6.209250236209875	-0.04893171865374519
658450533.5884523	6.210391572373569	-0.05007286291152963
628779136.0568553	6.211559531958829	-0.05124061686551157
600444804.540952	6.2127547362213935	-0.05243560078775638
573387287.5635968	6.213977820929952	-0.05365844939287995
547549048.7271206	6.215229436706334	-0.05490981217318267
522875144.3651781	6.216510249373732	-0.056190353741477586
499313106.7079237	6.217820940313191	-0.057500754181782625
476812832.31202096	6.219162206828549	-0.05884170940805345
455326475.5183012	6.220534762520026	-0.06021393153113085
434808346.7104509	6.221939337666704	-0.06161814923408768
415214815.1584423	6.223376679618097	-0.06305510815615525
396504216.24004877	6.224847553195018	-0.06452557128542147
378636762.8432123	6.226352741100016	-0.06603031936048762
361574460.760821	6.227893044337586	-0.06757015128128206
345281027.89800614	6.229469282644402	-0.06914588452922794
329721817.1201719	6.231082294929841	-0.07075835559696506
314863742.57765996	6.232732939727024	-0.07240842042783509
300675209.3504271	6.23442209565466	-0.0740969548653348
287126046.26309216	6.2361506618899725	-0.07582485511275289
274187441.727503	6.237919558652962	-0.07759303820320576
261831882.4764064	6.239729727702303	-0.07940244248028931
250033095.05791178	6.241582132843187	-0.08125402808957435
238765989.96637607	6.243477760447393	-0.0831487774811662
228006608.29087082	6.245417619985914	-0.08508769592356419
217732070.76781672	6.24740274457445	-0.08707181202904832
207920529.12941605	6.249434191532117	-0.08910217829083512
198551119.64445788	6.251513042953702	-0.09117987163223647
189603918.75267977	6.253640406295811	-0.09330599396806845
181059900.69835448	6.255817414977299	-0.09548167277855404
172900897.07301888	6.258045228994324	-0.09770806169596631
165109558.1812955	6.260325035550444	-0.09998634110426712
157669316.14767602	6.262658049702131	-0.10231771875198999
150564349.68579635	6.2650455150201285	-0.10470343037862753
143779550.45529518	6.267488704267073	-0.10714474035477951
137300490.93472105	6.269988920091826	-0.10964294233631958
131113393.7421563	6.272547495740949	-0.1121993599328475
125205102.33833787	6.27516579578782	-0.11481534739068382
119563053.04995899	6.27784521687986	-0.11749229029067691
114175248.35367775	6.280587188504359	-0.12023160626108191
109030231.36400591	6.283393173773458	-0.12303474570578246
104117061.47084323	6.286264670228774	-0.12590319254811472
99425291.07483959	6.289203210666268	-0.12883846499056312
94944943.37111908	6.292210363981908	-0.13184211629059045
90666491.13412808	6.295287736038717	-0.13491573555286127
86580836.45848407	6.2984369705558665	-0.13806094853812528
82679291.4127576	6.301659750020381	-0.14127941848901063
78953559.5650375	6.304957796622209	-0.14457284697298822
75395718.3410022	6.3083328732132715	-0.1479429747427512
71998202.17697941	6.311786784291262	-0.15139158261425714
68753786.43216833	6.3153213770089	-0.15492049236267233
65655572.02582003	6.318938542209447	-0.15853156763644577
62696970.76670071	6.32264021548927	-0.16222671488974236
59871691.34364764	6.326428378288288	-0.1660078843334449
57173725.94742417	6.330305059009182	-0.16987707090493182
54597337.49542688	6.334272334166274	-0.1738363152568208
52137047.43207931	6.3383323295650165	-0.1778877047648584
49787624.078968346	6.342487221513081	-0.18203337455512095
47544071.5099546	6.346739238064062	-0.18627550855066818
45401618.927595064	6.351090660294884	-0.1906163405377857
43355710.518291846	6.355543823618024	-0.19505815525191947
41401995.764592245	6.360101119129705	-0.19960328948338815
39536320.19404038	6.364764994995294	-0.20425413320293373
37754716.54490872	6.369537957873185	-0.20901313070714064
36053396.33002221	6.374422574378483	-0.21388278178372575
34428741.78073912	6.379421472587883	-0.21886564289665691
32877298.153954018	6.38453734358723	-0.22396432839104166
31395766.385767207	6.389772943063224	-0.22918151171767334
29980996.07619748	6.395131092940933	-0.23451992667710136
28629978.790020917	6.400614683068753	-0.23998236868304673
27339841.659490693	6.406226672952648	-0.24557169604492585
26107841.275333118	6.411970093541587	-0.2512908312691575
24931357.85303179	6.417848049066201	-0.25714276237878114
23807889.661991946	6.4238637189327115	-0.2631305442507621
22735047.70574119	6.430020359674172	-0.26925729997018083
21710550.641853128	6.4363213069608705	-0.27552622220046086
20732219.93079173	6.442769977671547	-0.2819405745689379
19797975.203360915	6.449369872027029	-0.2885036930675271
18905829.83690757	6.456124575788172	-0.29521898746897013
18053886.73087274	6.46303776252093	-0.3020899427599133
17240334.27270587	6.470113195933204	-0.3091201205924831
16463442.485565456	6.47735473229058	-0.3163131607553682
15721559.349613536	6.484766322920751	-0.32367278266310895
15013107.289081711	6.492352016818226	-0.3312027868578928
14336579.817638759	6.500115963360333	-0.33890705651187675
13690538.334925734	6.508062415141138	-0.34678955891108626
13073609.067447819	6.516195730920618	-0.35485434689638895
12484480.147316355	6.524520378672427	-0.36310556023604745
11921898.822630392	6.5330409386967165	-0.37154742691108145
11384668.793565135	6.541762106748666	-0.38018426431185304
10871647.668502763	6.550688697124136	-0.38902048037264314
10381744.534796407	6.559825645648047	-0.398060574708451
9913917.639001092	6.569178012534508	-0.40730913985925987
9467172.171639709	6.578750985134508	-0.4167708627823606
9040558.151792355	6.588549880656668	-0.42645052675152995
8633168.407011583	6.598580149033495	-0.43635301381041
8244136.644267535	6.608847376197945	-0.44648330787600815
7872635.607820992	6.619357288115696	-0.4568464984909097
7517875.3201073175	6.630115755966712	-0.46744778508100165
7179101.40189021	6.641128802864403	-0.47829248139957153
6855593.468113855	6.652402612424078	-0.48938601964804135
6546663.59604153	6.66394353933443	-0.500733953586039
6251654.8624238875	6.675758121846207	-0.5123419598114596
5969939.946585932	6.687853095784589	-0.5242158363383709
5700919.796462336	6.700235409341862	-0.536361497656329
5444022.35474455	6.71291223755283	-0.5487849656392231
5198701.34243066	6.725890995042585	-0.561492355991881
4964435.097191765	6.739179345413865	-0.5744898603686859
4740725.464084136	6.752785205554963	-0.5877837248436765
4527096.736248783	6.766716743236037	-0.6013802260130351
4323094.643345635	6.780982366644327	-0.6152856466134088
4128285.3855713676	6.795590704991426	-0.629506253080319
3942254.7112067984	6.810550579992476	-0.6440482778862451
3764607.035732139	6.825870968831885	-0.6589179097295459
3594964.6006372715	6.841560960138967	-0.6741212946466119
3432966.6701379064	6.857629705432733	-0.6896645508610854
3278268.764089805	6.8740863693823	-0.7055537996563835
3130541.9254697203	6.890940082991751	-0.7217952137744855
2989472.0208654543	6.908199904383967	-0.7383950838398242
2854759.0724875797	6.9258747921668045	-0.7553599021369504
2726116.6202822607	6.943973596373149	-0.7726964618047893
2603271.112788984	6.962505071650568	-0.7904119682297579
2485961.3254475915	6.981477916735661	-0.8085141582104374
2373937.805117912	7.000900843305213	-0.827011421411402
2266962.3396306764	7.020782676095159	-0.8459129177988781
2164807.451241766	7.0411324847824	-0.8652286842176526
2067255.9129126854	7.061959746611067	-0.8849697230700516
1974100.2863885525	7.083274537200478	-0.905148066215098
1885142.4810915382	7.1050877454851955	-0.9257768077166297
1800193.3328915443	7.127411307393187	-0.9468700999081037
1719072.2018585745	7.1502584517400205	-0.9684431083623708
1641606.5881413468	7.173643950964147	-0.9905119226939572
1567631.7651553594	7.197584368789738	-1.0130934216040215
1496990.4293004235	7.222098296696896	-1.0362050921236834
1429532.3654627306	7.2472065712004055	-1.0598648045396932
1365114.1275902987	7.2729324643633895	-1.0840905459239867
1303598.733662394	7.299301840660842	-1.1089001164737702
1244855.3744044295	7.326343274206938	-1.1343107939545154
1188759.135128866	7.354088121409885	-1.16033897239531
1135190.7301106462	7.382570545257346	-1.1869997818022366
1084036.2489323393	7.411827488606192	-1.2143066960349882
1035186.9142595554	7.44189859500187	-1.2422711361526544
988538.8505316556	7.472826076644396	-1.2709020765042998
943992.8630757676	7.504654530121494	-1.3002056606531724
901454.2271745029	7.537430701427804	-1.3301848339163593
860832.4866387862	7.571203202577635	-1.360838998910219
822041.261457491	7.606022182801588	-1.3921637000469804
784998.0641148523	7.641938957906495	-1.4241503424545194
749624.1241850764	7.679005601889822	-1.456785950306779
715844.2208311312	7.717274505352528	-1.4900529690659885
683586.5228515693	7.756797905665783	-1.5239291156512293
652782.4359352252	7.797627394232373	-1.5583872800561793
623366.4567989926	7.839813406552932	-1.5933954814317244
595276.033898512	7.8834047011655874	-1.6289168811130346
568451.4344155745	7.928447833873181	-1.6649098544908703
542835.617239407	7.974986633997196	-1.701328122988856
518374.11167171923	8.023061689687921	-1.7381209467007788
495014.90159761196	8.072709849557219	-1.7752333774568125
472708.31487602246	8.12396374806125	-1.8126065712234054
451406.91771450854	8.176851362120738	-1.8501781578028809
431065.4138037642	8.231395606401323	-1.8878826647976152
411640.54799738515	8.287613974463259	-1.9256519917591877
393091.0143320523	8.345518232608818	-1.9634159293811215
375377.3681925604	8.405114172693722	-2.0011027175466674
358461.94243490114	8.466401429419475	-2.0386396350471947
342308.7672890478	8.52937336668831	-2.075953612881127
326883.4938711164	8.594017036493035	-2.112971862268139
312153.32114225626	8.660313212551118	-2.149622507906504
298086.92615895515	8.728236499505224	-2.1858352165974018
284654.3974664313	8.797755517039528	-2.221541811186521
271827.1714934882	8.868833156746412	-2.2566768598500224
259577.97181357065	8.941426908070795	-2.291178231088886
247880.75114286735	9.015489248210466	-2.3249876053916534
236710.63595212135	9.090968089510675	-2.3580509353685235
226043.8735743677	9.167807276707533	-2.3903188472265264
215857.7816961288	9.245947125388843	-2.4217469777129312
206130.70012465582	9.32532499228678	-2.452296242060946
196841.94472866112	9.405875867517945	-2.4819330299801665
187971.7634545922	9.487532978656608	-2.5106293282932026
179501.29432492063	9.5702283965675	-2.5383627703762888
171412.52532913143	9.653893633226945	-2.5651166140649715
163688.25612212226	9.738460222305418	-2.5908796510886734
156312.06144856883	9.82386027404286	-2.6156460523591236
149268.2562154745	9.910026996884762	-2.6394151545241265
142541.86213864014	9.996895179421955	-2.662191194085173
136118.57589212406	10.084401627347386	-2.683982996050248
129984.73869296614	10.172485551365368	-2.704803624545809
124127.30725649848	10.261088903220996	-2.724670003047673
118533.82606048118	10.350156658221294	-2.7436025119203946
113192.4008590854	10.439637043760984	-2.7616245707962586
108091.67339039884	10.529481714416836	-2.778762213001069
103220.79722367559	10.619645875113196	-2.795043658770733
98569.41469496701	10.710088354672365	-2.810498893428696
94127.63488208993	10.800771632737925	-2.8251592560382184
89886.01257209686	10.891661823593779	-2.8390570433336393
85835.52817652341	10.982728620798515	-2.852225132997382
81967.56855170491	11.07394520682039	-2.864696629608248
78273.90868337487	11.165288132002527	-2.876504535862121
74746.69419660214	11.256737167223054	-2.887681450975516
71378.42465387231	11.348275134555651	-2.8982592975390866
68161.9376057989	11.439887720096518	-2.9082690775018625
65090.39336054852	11.531563272919945	-2.917740657444528
62157.260439592996	11.623292593870694	-2.9267025828447277
59356.301688861735	11.715068717611441	-2.9351819206503995
56681.5610157583	11.806886691029995	-2.943204129157051
54127.35072384094	11.898743350785134	-2.950792953928913
51688.23941823277	11.990637102441296	-2.957970348307543
49359.04045604408	12.082567703318915	-2.9647564169095393
47134.80091724692	12.174536050875506	-2.9711693804217867
45010.79107254906	12.266543978137395	-2.977225559951825
42982.49432587187	12.35859405742712	-2.9829393791764724
41045.59761004396	12.450689413379195	-2.9883233825477875
39195.98221528928	12.542833546008495	-2.9933882678559987
37429.7150310057	12.635030164391676	-2.9981429315091317
35743.04018221051	12.727283031342253	-3.002594524963861
34132.37104286842	12.81959581930379	-3.0067485208274674
32594.28260911828	12.911971977551378	-3.0106087872430076
31125.50421618151	13.004414610678253	-3.014177669265853
29722.912583463672	13.096926368249967	-3.017456076037041
28383.52517306161	13.18950934543093	-3.0204435726552563
27104.49384755217	13.282164994326177	-3.0231384757431092
25883.09881357663	13.374894045732226	-3.0255379517934893
24716.74283834208	13.467696440953812	-3.027638117467071
23602.94572674137	13.560571273315656	-3.0294341410921826
22539.33904734789	13.653516738979604	-3.0309203446925
21523.66109606942	13.746530096665072	-3.0320903059366775
20553.752086752655	13.839607635864006	-3.0329369594666598
19627.5495585106	13.93274465313945	-3.033452697118489
18743.083990007148	14.025935436097836	-3.033629466601164
17898.47461137274	14.11917325462878	-3.033458868245569
17091.92540484538	14.21245035901171	-3.032932249477584
16321.721285632737	14.305757984495242	-3.032040796706969
15586.224454873618	14.399086361962855	-3.0307756243576844
14883.870916944335	14.492424734305791	-3.0291278607956014
14213.167153703595	14.585761378132212	-3.0270887309372068
13572.686948604116	14.679083630449007	-3.0246496353478394
12961.068353917582	14.77237791995998	-3.021802225660941
12377.010794623857	14.865629802630941	-3.018538476170697
11819.272302806181	14.958824001178556	-3.0148507514702327
11286.666876671068	15.051944448145914	-3.0107318700257975
10778.061958577488	15.144974332233055	-3.0061751635949405
10292.37602671213	15.23789614755615	-3.0011745324134553
9828.57629528972	15.330691745513915	-2.995724496092052
9385.67651838792	15.423342388944674	-2.9898202401797187
8962.734892746934	15.515828808262356	-2.9834576583661514
8558.85205507391	15.608131259264713	-2.9766333903111484
8173.169169593918	15.70022958231206	-2.969344855104025
7804.866101780478	15.792103262580481	-2.9615902803712273
7453.159674382292	15.88373149109922	-2.9533687270652784
7117.302002037697	15.975093226288553	-2.944680109983029
6796.578900935462	16.06616725572134	-2.935525214075774
6490.308370140246	16.156932257839262	-2.925905706628161
6197.839141353113	16.24736686336324	-2.9158241453968907
5918.549294023551	16.33744971614649	-2.9052839828137924
5651.844932867859	16.427159533228956	-2.8942895663710813
5397.158924981825	16.51647516386243	-2.8828461353191743
5153.949693862209	16.605375647287225	-2.8709598138193244
4921.700067772555	16.693840269053617	-2.858637600704627
4699.916180004536	16.781848615694088	-2.8458873560132005
4488.126418696108	16.869380627566365	-2.8327177844669027
4285.880423973543	16.956416649700962	-2.819138416077317
4092.748130284649	17.042937480502133	-2.8051595840683055
3908.3188518868237	17.128924418165923	-2.7907924003106412
3732.2004095452544	17.214359304694742	-2.7760487284695627
3564.0182965842364	17.299224567403265	-2.760941155070077
3403.414882518304	17.38350325782655	-2.745482958687725
3250.048652569623	17.467179087956985	-2.729688077474235
3103.5934814546704	17.5502364637523	-2.713571075227912
2963.7379398958333	17.63266051587269	-2.697147106218044
2830.1846323833015	17.714437127620144	-2.680431878970704
2702.6495647790402	17.795552960068026	-2.6634416192205155
2580.8615404180714	17.875995474383444	-2.6461930322288763
2464.561583422941	17.9557529513586	-2.6287032646643524
2353.5023880050003	18.03481450818077	-2.6109898662349087
2247.447792581575	18.1131701124827	-2.593070751255018
2146.1722775906787	18.19081059372738	-2.5749641603232325
2049.4604859354376	18.267727651991603	-2.5566886222774428
1957.1067650384618	18.343913864223047	-2.538262916586399
1868.9147295323685	18.419362688054612	-2.5197060363267365
1784.6968436565649	18.494068463268057	-2.5010371518849146
1704.274022472217	18.56802641100611	-2.482275575513427
1627.4752510474898	18.641232630838644	-2.4634407268603655
1554.1372208032167	18.713684095793944	-2.444552099580851
1484.1039822457285	18.785378645470473	-2.425629229128223
1417.2266133483952	18.8563149773481	-2.406691661812392
1353.362902876705	18.926492636420463	-2.387758925202171
1292.3770479835096	18.995912003271954	-2.368850499938016
1234.1393654313383	19.064574280723896	-2.3499857930115025
1178.5260158277747	19.13248147917443	-2.3311841125579087
1125.4187402874488	19.199636400756624	-2.3124646441987062
1074.7046089606897	19.266042622437617	-2.2938464289615896
1026.275780894094	19.331704478180317	-2.275348342796799
980.0292747123644	19.396627040286408	-2.256989077700199
935.8667496337996	19.460816100036862	-2.2387871244457123
893.6942963537402	19.524278147742574	-2.2207607569221155
853.4222373513435	19.587020352314244	-2.202928018062661
814.9649361950129	19.6490505404562	-2.185306707349311
778.2406154409961	19.710377175585016	-2.1679143698677437
743.171182737919	19.771009336568362	-2.1507682868838955
709.6820647674746	19.83095669637558	-2.133885467908082
677.7020486681597	19.890229500725795	-2.117282644208503
647.163130604833	19.948838546814546	-2.10097626373216
618.0003711621146	20.006795162194948	-2.0849824873879923
590.151757254107	20.064111183883888	-2.0693171866443447
563.5580702568049	20.120798937758725	-2.053995942390474
538.1627600827815	20.176871218305124	-2.039034045010075
513.911824930378	20.23234126877097	-2.0244464956132844
490.75369645169553	20.2872227617771	-2.0102480083725824
468.63913009518814	20.341529780430143	-1.9964530139074772
447.5211003896981	20.395276799978564	-1.9830756636623017
427.35470094724514	20.448478670048065	-1.9701298352217431
408.09704897193603	20.501150597488554	-1.9576291385086733
389.70719407193724	20.553308129860312	-1.9455869228097846
372.1460311806032	20.60496713958357	-1.934016284574967
355.3762174015961	20.656143808771326	-1.9229300759376944
339.3620926011611	20.706854614762236	-1.9123409139046708
324.0696035787167	20.757116316366766	-1.9022611901644655
309.4662316544993	20.80694594083684	-1.8927030814664216
295.52092352028876	20.85636077156618	-1.8836785605226853
282.2040252061687	20.905378336525985	-1.8751994073880511
269.48721902290674	20.9540163974381	-1.8672772212741038
257.34346334586866	21.002292939685407	-1.859923432756052
245.7469351124113	21.050226162957394	-1.8531493163326977
234.6729749104902	21.09783447262667	-1.8469660033018656
224.09803454170614	21.145136471850694	-1.8413844949157427
213.9996269472903	21.192150954391515	-1.8364156757825782
204.356278390547	21.238896898144812	-1.8320703274832095
195.14748279407516	21.285393459368564	-1.8283591423729613
186.35365813466225	21.331659967600473	-1.8252927375413976
177.95610480313573	21.37771592125271	-1.8228816689044691
169.93696584061976	21.42358098387122	-1.8211364454053776
162.27918896664397	21.46927498104719	-1.8200675433025935
154.96649031835923	21.514817897966793	-1.8196854205251092
147.9833198237527	21.560229877585773	-1.820000531076851
141.31482813523263	21.60553121941456	-1.8210233394740007
134.94683505326378	21.65074237890012	-1.8227643352005265
128.8657993729145	21.69588396739001	-1.8252340471688164
123.05879008919085	21.740976752664587	-1.828443058174045
117.51345889992942	21.78604166002332	-1.8324020193320782
112.21801394777715	21.831099773911184	-1.8371216644924053
107.16119474542201	21.876172340071527	-1.842612824618734
102.33224823075524	21.92128076821196	-1.848886442131254
97.72090590104469	21.96644663517028	-1.85595358520577
93.31736197750078	22.011691688567673	-1.86382546202599
89.1122525537985	22.057037850936972	-1.8725134349863495
85.09663568422107	22.102507224314195	-1.8820290348438715
81.26197236907802	22.148122095282098	-1.8923839748182425
77.6001083969671	22.19390494045478	-1.9035901646404663
74.1032570052716	22.239878432393393	-1.915659724551118
70.7639823220135	22.28606544594296	-1.928604999249962
67.5751835538623	22.33248906498133	-1.9424385717995238
64.53007988666616	22.379172589571912	-1.957173277485794
61.62219606640659	22.426139543511884	-1.9728222176398273
58.84534862990779	22.4734136822689	-1.989398773424611
56.193632756024286	22.52101900129953	-2.006916619592098
53.66140970934863	22.56897974474324	-2.0253897382156403
51.24329484973294	22.617320414486564	-2.044832432403682
48.9341461821345	22.666065779592735	-2.065259340000696
46.729053422429914	22.71524088609244	-2.0866854472820093
44.6233275559537	22.764871067132187	-2.1091261026490784
42.61249086655264	22.8149819534775	-2.13259703033245
40.69226741495559	22.865599484368502	-2.157114344109461
38.858573946213035	22.916749918726243	-2.1826945610443493
37.107511206867166	22.968459846708857	-2.209354615258348
35.43535565339424	23.020756201617072	-2.237111871737527
33.83855153428233	23.073666272149655	-2.2659841401863865
32.313703328912425	23.127217715009486	-2.2959896889348537
30.857568527160538	23.181438567862138	-2.3271472589064763
29.467050734368804	23.236357262648674	-2.359476077655324
28.13919308702476	23.29200263925444	-2.3929958734791095
26.871171965144406	23.34840395953594	-2.427726889617165
25.66029098799251	23.405590921707937	-2.463689898542816
24.503975280369346	23.463593675095197	-2.50090621636216
23.399765997272674	23.522442835256513	-2.539397717332535
22.34531509529288	23.582169499495304	-2.5791868485132436
21.33838033962042	23.64280526277787	-2.6202966445560683
20.37682053605131	23.704382234084406	-2.662750742631287
19.458590977848637	23.766933053215563	-2.706573397468208
18.581739097781046	23.830490908060284	-2.7517894964708445
17.744400316090143	23.895089552298256	-2.7984245748592587
16.944794075558754	23.960763323463013	-2.846504830797741
16.18122005524943	24.027547161242158	-2.8960571405157953
15.452054554860174	24.095476625860094	-2.947109073514687
14.755747042011013	24.164587916406084	-2.9996889080756626
14.090816855117303	24.23491788906666	-3.053825647423247
13.455850054840598	24.306504075415926	-3.109549037002931
12.849496417420237	24.37938470120719	-3.1668895833460615
12.270466563492837	24.45359870645685	-3.2258785748499506
11.71752921629475	24.529185767935864	-3.2865481044448988
11.189508583415867	24.606186325374765	-3.348931093538309
10.685281856538824	24.684641612607464	-3.413061315859628
10.203776823845336	24.76459369440947	-3.4789734189947468
9.743969590014057	24.846085508846166	-3.5467029406753103
9.304882398960455	24.92916091354595	-3.6162863165132757
8.88558155468944	25.013864732564826	-3.6877608760901106
8.485175435839816	25.100242798651216	-3.7611648253336503
8.102812599697707	25.18834198409687	-3.8365372150614503
7.737679971648333	25.27821021238405	-3.913917898408589
7.389001116215025	25.369896442934973	-3.99334748338738
7.056034586009917	25.463450622788486	-4.074867290654987
6.738072345084688	25.55892360218543	-4.158519330145449
6.434438263328981	25.65636701583186	-4.244346312902453
6.1444866787152135	25.7558331377772	-4.332391715559874
5.867601024331754	25.857374724874774	-4.422699913869423
5.603192517285772	25.961044870935527	-4.515316398059377
5.350698906686949	26.066896900037868	-4.610288076485193
5.109583278050472	26.17498433204127	-4.70766366518166
4.87933291157633	26.28536095525763	-4.8074941500737935
4.65945819187736	26.39808103971975	-4.9098332965910405
4.449491566837824	26.51319971909851	-5.014738169349735
4.248986553388079	26.630773559966222	-5.122269613664155
4.057516788081781	26.750861324096974	-5.232492642175817
3.874675120456128	26.873524913547783	-5.345476665007377
3.7000727472477726	26.998830470438094	-5.461295501457475
3.533338385622916	27.126849584963537	-5.580027115928541
3.3741174836637042	27.25766054770733	-5.7017530306775175
3.2220714664321783	27.391349567227987	-5.826557382824788
3.076877016008227	27.528011862561968	-5.954525612155251
2.938225383971012	27.66775253380711	-6.085742788540233
2.8058217348614636	27.81068711314305	-6.220291611970661
2.6793845192301498	27.956941703907347	-6.358250142717717
2.55864487493703	28.106652626685214	-6.499689342475108
2.443346055430116	28.259965508386856	-6.644670527983868
2.3332428837874017	28.417033772220552	-6.793242855253704
2.228101231360854	28.57801651226055	-6.945440963964934
2.1276975199141424	28.743075764662517	-7.101282917150018
2.0318182461951086	28.91237321706672	-7.260768570339675
1.9402595279323134	29.086066426854778	-7.423878496888394
1.852826670289994	29.26430464623185	-7.5905735823879334
1.7693337518596393	29.447224376233716	-7.760795381466984
1.689603229307869	29.6349447915175	-7.934467305666578
1.613465559839744	29.827563192210228	-8.111496682496384
1.5407588406749178	30.025150647416623	-8.291777694396211
1.4713284647697693	30.227747996735207	-8.475195173441104
1.4050267920536406	30.43536237104257	-8.661629194589892
1.3417128354799117	30.647964381868057	-8.850960378485198
1.2812519612243878	30.865486110123268	-9.043075785686252
1.2235156023935385	31.087820000270245	-9.237875259187053
1.1683809856336655	31.314818736018804	-9.435278052550986
1.1157308700598152	31.546296139504037	-9.635229568302066
1.0654532979491154	31.78202909918811	-9.837708026488674
1.0174413566685556	32.0217604944353	-10.04273088736432
0.9715929513308378	32.26520304916144	-10.250360865181781
0.9278105876949145	32.51204401568191	-10.460711391735938
0.8860011648496033	32.761950565361445	-10.67395141725952
0.8460757772393261	33.01457574702839	-10.890309470463624
0.8079495256111154	33.269564868775326	-11.110076936057013
0.7715413364807557	33.526562164157156	-11.333610543632375
0.7367737897342744	33.7852176191349	-11.56133409291818
0.7035729539980996	34.04519385941334	-11.793739463989859
0.6718682294278445	34.30617302603679	-12.031386974870937
0.6415921975814435	34.567863596524994	-12.274905152024669
0.612680478057331	34.83000713556925	-12.524989971959528
0.5850715915928995	35.09238497988921	-12.782403616390717
0.5587068293320355	35.354824873751085	-13.04797276213218
0.5335301279838188	35.617207573669205	-13.322586403867508
0.5094879506068526	35.879473433287046	-13.607193187037852
0.48652917276574525	36.1416289641261	-13.902798212686445
0.4646049738176823	36.40375334770998	-14.210459268622703
0.44366873309786065	36.66600485306327	-14.53128244278018
0.4236759307830939	36.928627094357566	-14.866417084740426
0.40458405322271696	37.19195504963365	-15.217050098348386
0.38635250253553927	37.45642075519399	-15.584399569404042
0.368942510280564	37.72255859232136	-15.969707754308615
0.352317055017917	37.99101009300486	-16.374233474981445
0.33644078358469803	38.26252820774138	-16.7992439795349
0.3212799359183131	38.53798099876386	-17.246006335139676
0.30680227326747456	38.81835474327907	-17.71577841831602
0.29297700963816836	39.10475645049809	-18.20979955875177
0.2797747463288539	39.39841581073665	-18.72928087684195
0.26716740941565514	39.700686602602474	-19.275395334422164
0.25512819005462384	40.013047583977254	-19.849267495043126
0.24363148747413962	40.337102883685546	-20.451962967233186
0.23265285453619697	40.67458189372371	-21.084477484071634
0.2221689457508501	41.02733863766923	-21.747725557342676
0.21215746763323948	41.39735056088426	-22.442528636477753
0.20259713129766618	41.78671665420539	-23.169602702876695
0.1934676071878848	42.19765478705787	-23.929545240043637
0.18474948184736076	42.63249809055835	-24.72282153983567
0.1764242166375738	43.093690198476004	-25.549750335153043
0.16847410831656462	43.583779126251926	-26.41048878934674
0.16088225139392065	44.105409548005134	-27.305016921807447
0.15363250218212737	44.66131322097349	-28.233121606527725
0.14670944446786421	45.25429730850537	-29.19438034424811
0.14009835673022936	45.8872303687953	-30.188145076887754
0.13378518083619226	46.56302580905022	-31.213526382375566
0.12775649214671156	47.28462265525522	-32.2693784550564
0.1219994709699362	48.0549635570426	-33.354285337080995
0.11650187530080425	48.87697003517148	-34.4665489144152
0.11125201478905385	49.753515084248335	-35.60417922166073
0.10623872588030704	50.68739336224851	-36.76488760690356
0.10145134807735248	51.68128932584311	-37.94608328583812
0.09687970127115329	52.737743799040246	-39.14487375900558
0.09251406409337949	53.859119582742245	-40.358069474584426
0.08834515324442231	55.047566813409176	-41.58219299198599
0.08436410375294526	56.30498884816441	-42.81349274231192
0.08056245012498221	57.633009479828345	-44.04796129855764
0.0769321083425089	59.03294225881191	-45.28135787371724
0.07346535867319934	60.50576261352616	-46.50923457525944
0.07015482925481713	62.05208331631577	-47.726965779408374
0.0669934804193372	63.672133644184456	-48.92977986919054
0.06397458972345693	65.36574234678186	-50.1127925259444
0.06109173765367345	67.13232427996475	-51.27104079033079
0.05833879397552116	68.97087031988828	-52.3995172239269
0.055709904697949876	70.8799399719847	-53.493203704240976
0.05319947962511759	72.85765596352218	-54.54710466068409
0.050802180469130126	74.90170008546963	-55.556279880703656
0.04851290949845211	77.00930964787415	-56.51587734725024
0.04632679869784523	79.17727413837886	-57.42116686689865
0.04423919941678947	81.40193201519521	-58.26757546567654
0.04224567248436891	83.67916799605501	-59.0507256239731
0.04034197876960776	86.00441167986344	-59.766477359756195
0.038524070167178966	88.3726388025506	-60.410974933432215
0.036788080989319114	90.77837682149458	-60.98069854070884
0.03513031974564622	93.2157167838283	-61.472520806348186
0.03354726129339691	95.67833351221591	-61.88376723730036
0.032035539341395455	98.15951600325627	-62.21227910114086
0.030591939291810182	100.65220956706581	-62.456476538535426
0.0292133914044799	103.14907065595077	-62.615419172538864
0.027896964269271237	105.64253457538062	-62.688861112025556
0.026639858572587678	108.12489540401276	-62.677297114835845
0.025439401144776077	110.58839654957916	-62.58199680873085
0.02429303927577004	113.02532951941376	-62.40502426784477
0.02319833528688605	115.42813777072682	-62.149240883249384
0.022152961347226142	117.78952199621926	-61.81829029675108
0.0211546945236677	120.10254294406622	-61.41656511543388
0.020201412053911877	122.3607178902117	-60.94915610769046
0.01929108683254011	124.55810716955415	-60.421785515006576
0.01842178310048085	126.68938769886935	-59.840726921200535
0.017591652328718264	128.74991113481968	-59.21271474204897
0.01679892928749238	130.73574513782984	-58.54484679487264
0.016041928292629556	132.643697084364	-57.84448356532922
0.015319039621023546	134.47132041645702	-57.119147716133995
0.014628726087643117	136.2169045784425	-56.37642710796268
0.013969519776788134	137.87945012154995	-55.623884168772626
0.013340018920643857	139.45863102951594	-54.86897390439743
0.012738884918494384	140.95474662184884	-54.118972242377424
0.012164839490258527	142.36866553053355	-53.380915790875825
0.011616661958293518	143.70176423755976	-52.66155351597208
0.01109318665168807	144.95586252974817	-51.96731032470499
0.010593300427523858	146.13315800339265	-51.30426210841418
0.010115940303835082	147.23616146455944	-50.67812146163074
0.0096600911992331	148.26763474998594	-50.09423304763919
0.009224783774388486	149.23053216310626	-49.557577427662864
0.008809092370781839	150.12794639967103	-49.0727820963824
0.008412133042339114	150.9630595423941	-48.644138459255444
0.008033061675766338	151.73909944370854	-48.27562353279459
0.007671072195586989	152.45930159528382	-47.97092523362814
0.00732539485006429	153.12687640405898	-47.733470232993234
0.006995294574364578	153.7449816559874	-47.566453479154
0.006680069427480054	154.31669984736024	-47.47286862193108
0.006379049099588074	154.84501999513714	-47.45553870395582
0.0060915934866722	155.3328234972408	-47.51714660719632
0.0058170913293743454	155.78287359620253	-47.66026485723102
0.0055549589131838354	156.19780800002806	-47.88738448956496
0.005304638827198761	156.58013422827008	-48.200942771039166
0.005065598778820981	156.93222727516493	-48.60334964497447
0.0048373304618635135	157.2563292120557	-49.09701283164001
0.004619348475664109	157.55455038551418	-49.68436156687936
0.004411189292906011	157.82887190348183	-50.36786900243536
0.004212410273951253	158.0811491377792	-51.15007332298512
0.004022588725590703	158.31311600630772	-52.03359765842317
0.0038413210022088693	158.52638983139133	-53.02116888678346
0.003668221647452707	158.72247660144825	-54.1156354345104
0.003502922574578667	158.9027764912722	-55.31998418763619
0.0033450722837355578	159.06858952150068	-56.63735663067874
0.003194335114518409	159.2211212603819	-58.0710643305486
0.0030503905322041007	159.36148849078631	-59.62460388106243
0.0029129324461510974	159.49072478270716	-61.301671420369956
0.002781668558913571	159.60978592639444	-63.10617682913736
0.0026563197446862353	159.71955519397224	-65.04225771204831
0.002536619455757797	159.82084840804387	-67.11429325939017
0.0024223131557112366	159.91441880457415	-69.32691807940904
0.0023131577781653695	160.0009616843937	-71.685036085981
0.0022089212099068428	160.08111885314713	-74.19383452011294
0.0021093817973135694	160.15548285353668	-76.85879817804035
0.002014327875019795	160.2246009964543	-79.68572391339995
0.0019235573158208174	160.28897919918944	-82.68073547622524
0.0018368771008599634	160.34908563953465	-85.85029874753118
0.001754102909184126	160.40535423446696	-89.20123742505415
0.001675058725794849	160.4581879513766	-92.74074921343005
0.0015995764673616011	160.50796195875665	-96.47642257070048
0.0015274956248013942	160.5550266220842	-100.41625406253641
0.0014586629219645413	160.5997103495039	-104.56866637590706
0.0013929319897009766	160.64232229105448	-108.94252704492717
0.0013301630546138467	160.68315489467702	-113.54716794321303
0.00127022264183872	160.72248632218492	-118.39240559900564
0.0012129832912162349	160.76058272879206	-123.48856239148877
0.001158323286254708	160.79770041063085	-128.84648868889676
0.0011061263953064037	160.8340878258873	-134.47758599107974
0.0010562816244069622	160.86998749660228	-140.393831141089
0.0010086829812525637	160.9056377997218	-146.60780167194866
0.0009632292498127922	160.94127465748392	-153.13270235619638
0.0009198237751000583	160.9771331385943	-159.98239302691442
0.0008783742576377997	161.01344898277608	-167.17141774004912
0.0008387925571904514	161.0504600621192	-174.71503534879156
0.0008009945053378603	161.08840779317828	-182.6292515618489
0.0007648997264955041	161.12753851397855	-190.9308525586638
0.0007304314670000335	161.16810484001746	-199.63744023605767
0.0006975164318965864	161.21036701304115	-208.7674691625577
0.000666084629080914	161.2545942558966	-218.34028531874637
0.0006360692204648147	161.3010661461657	-228.37616670449418
0.0006074063798484195	161.35007402064235	-238.89636589680256
0.0005800351571971289	161.40192242207598	-249.92315464525473
0.000553897349034524	161.45693059901123	-261.4798705957586
0.0005289373746757314	161.51543406904042	-273.5909662372197
0.0005051021580379793	161.57778625539166	-286.2820601701879
0.0004823410147770932	161.64436020648745	-299.57999080110375
0.00046060554450987615	161.71555040796693	-313.51287257077104
0.0004398495278932149	161.79177469663927	-328.11015483085805
0.0004200288283410721	161.87347628595228	-343.40268348768876
0.000401101298170325	161.96112591278313	-359.42276553835694
0.0003830266889759313	162.05522411570763	-376.2042366300876
0.00036576656604478256	162.1563036553519	-393.7825317800596
0.0003492842266263046	162.26493208797157	-412.1947593992936
0.00033354462188596874	162.38171450405025	-431.47977877099635
0.0003185142823757705	162.50729644442038	-451.67828114071125
0.0003041612468632049	162.6423670072142	-472.832874582873
0.0002904549943673631	162.7876621598371	-494.9881728160078
0.00027736637925766924	162.9439682710991	-518.1908881465906
0.00026486756927720904	163.11212587968203	-542.4899287298778
0.00025293198635889584	163.293033716223	-567.9365003444694
0.00024153425010859465	163.48765299748564	-594.5842128863469
0.00023065012383503584	163.6970120123549	-622.4891917973459
0.000220256463011763	163.92221102076445	-651.71019465269
0.00021033116606149763	164.16442748810107	-682.3087331423523
0.00020085312735829613	164.4249216791905	-714.3492006914125
0.00019180219234753057	164.70504263762507	-747.8990059756719
0.0001831591146882862	165.0062345779479	-783.028712600052
0.0001749055153270193	165.33004372011567	-819.8121852193892
0.00016702384341545708	165.67812559765983	-858.3267423935329
0.0001594973389896398	166.05225287312217	-898.6533164816327
0.00015230999733072665	166.45432369664485	-940.8766208941014
0.00014544653493180163	166.8863706460537	-985.0853250346385
0.0001388923569982888	167.350570289374	-1031.372237279609
0.00013263352641288776	167.84925341355267	-1079.8344963571005
0.00012665673409901883	168.3849159661253	-1130.5737715041892
0.00012094927071976522	168.96023075978167	-1183.6964717973663
0.0001154989996521349	169.57805999318182	-1239.3139650684097
0.00011029433117916113	170.24146864504462	-1297.5428068361662
0.00010532419784497822	170.95373880239026	-1358.5049797032095
0.00010057803092045043	171.71838498801304	-1422.3281436862117
9.604573792932431e-05	172.53917055667608	-1489.1458979689035
9.171768118710325e-05	173.42012523426274	-1559.0980545879809
8.75846573070133e-05	174.36556387918216	-1632.3309245841908
8.363787762948422e-05	175.3801065507431	-1708.997617173772
7.986894953352069e-05	176.4686999749213	-1789.2583525195594
7.626985859023451e-05	177.63664050416415	-1873.2807887054971
7.283295152057728e-05	178.88959867438092	-1961.2403635446178
6.955091992104414e-05	180.2336454692869	-2053.320651876992
6.641678472273414e-05	181.6752804097577	-2149.7137390424105
6.342388135072377e-05	183.2214615937484	-2250.620611241499
6.056584555219804e-05	184.8796378209118	-2356.2515635289556
5.783659986319699e-05	186.65778294501627	-2466.826626214454
5.523034068520774e-05	188.56443260697426	-2582.5760104786496
5.274152594411325e-05	190.60872351156348	-2703.7405740462927
5.036486330526259e-05	192.80043542185126	-2830.5723077928506
4.8095298919596804e-05	195.15003605710035	-2963.3348441981448
4.5928006676902064e-05	197.66872909227675	-3102.3039885978988
4.3858377943339594e-05	200.36850547065157	-3247.768274223387
4.188201176142481e-05	203.2621982549823	-3400.029542060444
3.999470549162236e-05	206.36354125796578	-3559.4035466006044
3.8192445875651135e-05	209.68723170852442	-3726.2205886017027
3.647140050250115e-05	213.24899722760603	-3900.826176019711
3.4827909659011044e-05	217.06566740533844	-4083.581714321241
3.325847854767862e-05	221.15525029067177	-4274.865227434398
3.1759769855157385e-05	225.53701412518717	-4475.072110645643
3.0328596655632753e-05	230.23157467465361	-4684.615916803273
2.8961915633991736e-05	235.2609885351158	-4903.929177240662
2.7656820614371134e-05	240.64885281508774	-5133.464258889368
2.6410536380327144e-05	246.4204116216724	-5373.694259108367
2.5220412773482013e-05	252.60266980639543	-5625.1139398161795
2.4083919058100294e-05	259.22451445626496	-5888.240702573225
2.2998638539612108e-05	266.31684464707604	-6163.615606324914
2.1962263425637468e-05	273.9127100095882	-6451.804429581999
2.097258991858699e-05	282.04745869470565	-6753.398778880618
2.0027513529400623e-05	290.758895361708	-7069.017245435115
1.912502460246211e-05	300.0874498535935	-7399.306611966656
1.8263204042170934e-05	310.07635726628774	-7744.943111765028
1.7440219232085464e-05	320.77185016360505	-8106.633742116017
1.6654320137960277e-05	332.2233637377183	-8485.117634303553
1.5903835586389086e-05	344.48375476584545	-8881.167482477162
1.5187169711142257e-05	357.6095352675984	-9295.591033754266
1.4502798559640054e-05	371.661121824551	-9729.23264201344
1.3849266852347447e-05	386.7031015841691	-10182.974887917544
1.3225184888197945e-05	402.80451603407175	-10657.740267795796
1.2629225589466646e-05	420.0391637006709	-11154.492954101945
1.2060121679809107e-05	438.48592299777295	-11674.24063025739
1.1516662989463908e-05	458.22909652673314	-12218.036402782767
1.0997693881890226e-05	479.3587782101766	-12786.980793714429
1.0502110796366658e-05	501.9712447258871	-13382.223816401936
1.002885990132727e-05	526.1693727975756	-14004.967137878117
9.576934853443624e-06	552.0630839936603	-14656.466331095886
9.145374657688108e-06	579.7698187854713	-15338.03322042582
8.733261623828437e-06	609.4150417218102	-16051.038323910503
8.339719415006967e-06	641.1327796882878	-16796.913395877746
7.96391118425639e-06	675.0661953374108	-17577.15407361523
7.605037794988069e-06	711.368197899037	-18393.322631918712
7.262336121670012e-06	750.2020937115634	-19247.05084942675
6.935077427080163e-06	791.7422789514424	-20140.042990764712
6.622565812684644e-06	836.1749771832073	-21074.0789086236
6.324136738846051e-06	883.6990245043326	-22051.017270004337
6.039155611714369e-06	934.5267052191122	-23072.798910965354
5.767016433796488e-06	988.8846411435072	-24141.450324309317
5.507140515333956e-06	1047.0147378195827	-25259.087284752848
5.258975243749586e-06	1109.1751911028568	-26427.91861621559
5.021992908545572e-06	1175.6415577799114	-27650.250105968895
4.795689579154599e-06	1246.70789407721	-28928.488570473834
4.579584033357941e-06	1322.687966134288	-30265.146077829573
4.373216733991366e-06	1403.9165367378891	-31662.844331842993
4.176148851763475e-06	1490.7507328454715	-33124.31922280592
3.987961332108059e-06	1583.5714986708583	-34652.42555014915
3.8082540040863864e-06	1682.7851393571377	-36250.14192220738
3.636644729444704e-06	1788.8249605276797	-37920.57583839313
3.472768590017057e-06	1902.153009281297	-39666.96895913557
3.316277111745975e-06	2023.2619224838045	-41492.702568980545
3.1668375236704628e-06	2152.6768885077454	-43401.30323829152
3.0241320503060165e-06	2290.9577288799237	-45396.44868900878
2.8878572359115967e-06	2438.7011066191044	-47481.97386994511
2.7577232992068e-06	2596.542868377749	-49661.877247093
2.6334535171671748e-06	2765.16052784596	-51940.32731440179
2.5147836365870573e-06	2945.2758982322102	-54321.66933046355
2.4014613121590127e-06	3137.657882000772	-56810.4322864866
2.2932455698746233e-06	3343.1254264249405	-59411.3361108865
2.1899062946059082e-06	3562.5506539029757	-62129.2991157244
2.0912237407774824e-06	3796.8621763823917	-64969.445690131586
1.9969880650890337e-06	4047.048603647811	-67937.1142457213
1.9069988802945596e-06	4314.162255644363	-71037.86541883703
1.8210648290892781e-06	4599.323089436447	-74277.49053431512
1.739003177198371e-06	4903.722851834348	-77662.02033521865
1.660639424802025e-06	5228.629469163986	-81197.73398278006
1.5858069354707233e-06	5575.391686099284	-84891.16833050239
1.5143465818215537e-06	5945.443965930616	-88749.12747608477
1.446106407142114e-06	6340.311665093337	-92778.69259448921
1.3809413022625399e-06	6761.616495238024	-96987.23205509142
1.3187126969883789e-06	7211.082286578182	-101382.41182545423
1.2592882654383506e-06	7690.541066701859	-105972.20616379012
1.202541644660223e-06	8201.939469483388	-110764.90860170216
1.1483521659266262e-06	8747.34548916997	-115769.14321822555
1.0966045981392852e-06	9328.95559514912	-120993.87620562442
1.0471889027960908e-06	9949.102223320106	-126448.42772674473
1e-06	10610.261660394272	-132142.48406303674
