10000000000.0	6.16940809304349	-0.009092263436081393
9549375450.12083	6.169620147707796	-0.009304313502184702
9119057148.73708	6.16983714807239	-0.009521309190025239
8708130046.439873	6.1700592094875155	-0.009743365832921342
8315720328.193283	6.170286449993969	-0.009970601454045698
7940993555.211967	6.170518990385882	-0.010203136829124408
7583152890.570921	6.17075695427495	-0.010441095550597084
7241437404.773077	6.171000468156173	-0.010684604093272577
6915120457.672672	6.171249661475127	-0.010933791881514384
6603508153.312801	6.171504666696813	-0.01118879135799183
6305937864.391801	6.171765619376101	-0.011449738054033149
6021776823.221068	6.1720326582298295	-0.011716770661617429
5750420776.177388	6.172305925210584	-0.011990031107044056
5491292698.789334	6.172585565582204	-0.012269664626317803
5243841568.724664	6.172871727997048	-0.012555819842290233
5007541194.070241	6.173164564575063	-0.012848648843597352
4781889094.412331	6.173464230984708	-0.013148307265435805
4566405432.338163	6.173770886525761	-0.013454954372219987
4360631993.0868635	6.1740846942140655	-0.013768753142163498
4164131210.179517	6.174405820868254	-0.014089870353830119
3976485234.9570384	6.174734437198503	-0.014418476674699142
3797295048.0466704	6.175070717897355	-0.01475474675179267
3626179610.8682275	6.175414841732666	-0.015098859304411709
3462775055.37539	6.175766991642737	-0.015450997219030593
3306733910.309255	6.176127354833648	-0.015811347646399486
3157724362.3189387	6.1764961228788895	-0.016180102100905702
3015429550.377693	6.176873491821306	-0.016557456562246862
2879546891.9945755	6.177259662277438	-0.016943611579468453
2749787439.7884736	6.177654839544296	-0.017338772377421305
2625875267.0566664	6.178059233708636	-0.017743148965694146
2507546881.031051	6.1784730597587885	-0.01815695625007896
2394550662.574498	6.178896537699107	-0.018580414146627502
2286646331.1259575	6.179329892667098	-0.019013747698358303
2183604433.7563086	6.179773355053283	-0.019457187194676186
2085205857.2487578	6.180227160623881	-0.0199109682935658
1991241362.1659448	6.1806915506463485	-0.020375332146624167
1901511137.9132636	6.181166772017874	-0.02085052552699646
1815824377.852032	6.181653077396869	-0.02133680096028287
1733998873.5591125	6.182150725337554	-0.02183441685848445
1655860627.370263	6.182659980427684	-0.022343637657057346
1581243482.3831267	6.1831811134295185	-0.022864733955147935
1509988769.1333063	6.183714401424079	-0.023397982659080472
1441944968.1919765	6.184260127958803	-0.023943667129173313
1376967387.9677725	6.184818583198659	-0.02450207732995861
1314917857.0276506	6.1853900640808055	-0.025073509983884405
1255664430.282534	6.185974874472876	-0.025658268728578605
1199081108.4130037	6.186573325334991	-0.026256664277755477
1145047569.9382813	6.187185734885564	-0.026869014585849258
1093448915.3589137	6.187812428771011	-0.027495645016458344
1044175422.8289704	6.188453740239442	-0.028136888514688103
997122314.8382508	6.189110010318442	-0.0287930857834807
952189535.4084085	6.189781587997031	-0.02946458546402177
909281537.3291016	6.190468830411899	-0.030151744320318218
868307078.9818686	6.191172103038038	-0.030854927428039716
829179030.3195585	6.191891779883847	-0.031574508367722416
791814187.5888621	6.19262824369085	-0.032310869422431665
756133096.401845	6.193381886138105	-0.033064401779986284
722059882.7803626	6.194153108051443	-0.03383550573984538
689522091.8139948	6.194942319617647	-0.034624590924764186
658450533.5884523	6.195749940603674	-0.035432076497325445
628779136.0568553	6.196576400581065	-0.036258391381455
600444804.540952	6.197422139155658	-0.03710397448903495
573387287.5635968	6.198287606202726	-0.03796927495172605
547549048.7271206	6.199173262107691	-0.03885475235811726
522875144.3651781	6.200079578012523	-0.039760876996320346
499313106.7079237	6.201007036067991	-0.04068813010212945
476812832.31202096	6.201956129691888	-0.04163700411287081
455326475.5183012	6.202927363833384	-0.04260800292706571
434808346.7104509	6.20392125524366	-0.043601642170037536
415214815.1584423	6.20493833275298	-0.04461844946559033
396504216.24004877	6.2059791375543405	-0.04565896471389484
378636762.8432123	6.207044223493885	-0.04672374037571459
361574460.760821	6.208134157368247	-0.047813341763112076
345281027.89800614	6.209249519228964	-0.04892834733677473
329721817.1201719	6.210390902694193	-0.05006934901010233
314863742.57765996	6.211558915267856	-0.05123695246020384
300675209.3504271	6.212754178666432	-0.05243177744594877
287126046.26309216	6.213977329153586	-0.05365445813322543
274187441.727503	6.215229017882823	-0.05490564342755859
261831882.4764064	6.216509911248377	-0.056185997314240496
250033095.05791178	6.217820691244535	-0.05749619920613579
238765989.96637607	6.219162055833639	-0.058836944299317295
228006608.29087082	6.220534719322944	-0.060208943936698754
217732070.76781672	6.221939412750598	-0.061612925979825976
207920529.12941605	6.223376884280958	-0.06304963518899752
198551119.64445788	6.224847899609504	-0.06451983361188049
189603918.75267977	6.22635324237757	-0.06602430098079651
181059900.69835448	6.227893714597184	-0.06756383511885032
172900897.07301888	6.229470137086252	-0.06913925235507579
165109558.1812955	6.231083349914387	-0.07075138794877996
157669316.14767602	6.232734212859642	-0.07240109652326142
150564349.68579635	6.23442360587645	-0.07408925250908659
143779550.45529518	6.2361524295750765	-0.07581675059710695
137300490.93472105	6.237921605712881	-0.07758450620139799
131113393.7421563	6.2397320776977185	-0.07939345593231059
125205102.33833787	6.241584811103813	-0.08124455807981573
119563053.04995899	6.243480794200443	-0.08313879310733488
114175248.35367775	6.245421038493785	-0.08507716415623845
109030231.36400591	6.247406579282306	-0.08706069756120605
104117061.47084323	6.249438476226053	-0.08909044337663087
99425291.07483959	6.251517813930257	-0.09116747591426055
94944943.37111908	6.2536457025436505	-0.09329289429225955
90666491.13412808	6.255823278371911	-0.09546782299587728
86580836.45848407	6.258051704506687	-0.09769341244991107
82679291.4127576	6.2603321714706395	-0.09997083960314118
78953559.5650375	6.262665897878981	-0.10230130852492272
75395718.3410022	6.2650541311179975	-0.1046860510141088
71998202.17697941	6.267498148041063	-0.10712632722047857
68753786.43216833	6.2699992556826585	-0.109623426278843
65655572.02582003	6.2725587919909644	-0.11217866695598706
62696970.76670071	6.275178126579585	-0.11479339831061379
59871691.34364764	6.277858661498983	-0.1174690003664376
57173725.94742417	6.28060183202826	-0.12020688479857476
54597337.49542688	6.283409107487922	-0.12300849563336697
52137047.43207931	6.286281992074279	-0.12587530996176433
49787624.078968346	6.289222025716198	-0.12880883866638834
47544071.5099546	6.292230784954911	-0.13181062716237368
45401618.927595064	6.295309883847666	-0.13488225615208776
43355710.518291846	6.298460974895975	-0.13802534239380063
41401995.764592245	6.301685749999311	-0.14124153948436816
39536320.19404038	6.304985941435102	-0.1445325386559733
37754716.54490872	6.308363322865927	-0.14790006958694615
36053396.33002221	6.311819710374858	-0.15134590122667085
34428741.78073912	6.31535696352992	-0.15487184263454973
32877298.153954018	6.3189769864787255	-0.1584797438329858
31395766.385767207	6.322681729074328	-0.1621714966743017
29980996.07619748	6.326473188033466	-0.1659490357214899
28629978.790020917	6.330353408128346	-0.16981433914265337
27339841.659490693	6.33432448341323	-0.17376942961895556
26107841.275333118	6.338388558487123	-0.1778163752658646
24931357.85303179	6.34254782979394	-0.18195729056742121
23807889.661991946	6.346804546961566	-0.18619433732322527
22735047.70574119	6.3511610141813515	-0.19052972560777034
21710550.641853128	6.355619591629596	-0.19496571474170712
20732219.93079173	6.360182696932714	-0.19950461427455024
19797975.203360915	6.3648528066778285	-0.2041487849782751
18905829.83690757	6.369632457970628	-0.20890063985118312
18053886.73087274	6.374524250042444	-0.21376264513132115
17240334.27270587	6.379530845908583	-0.21873732131867238
16463442.485565456	6.384654974080082	-0.22382724420522498
15721559.349613536	6.389899430331123	-0.229035045911935
15013107.289081711	6.395267079524542	-0.2343634159314868
14336579.817638759	6.40076085749791	-0.2398151021756358
13690538.334925734	6.406383773012894	-0.24539291202579433
13073609.067447819	6.412138909770678	-0.25109971338535814
12484480.147316355	6.418029428496454	-0.2569384357321318
11921898.822630392	6.424058569096071	-0.26291207116900306
11384668.793565135	6.430229652888154	-0.26902367547084055
10871647.668502763	6.436546084915073	-0.27527636912539555
10381744.534796407	6.44301135633634	-0.28167333836581643
9913917.639001092	6.449629046908145	-0.2882178361922679
9467172.171639709	6.456402827553008	-0.29491318338002265
9040558.151792355	6.463336463023909	-0.3017627694713078
8633168.407011583	6.470433814667756	-0.30877005374796007
8244136.644267535	6.4776988432937666	-0.31593856618154864
7872635.607820992	6.485135612152981	-0.32327190835689396
7517875.3201073175	6.492748290035717	-0.3307737543637866
7179101.40189021	6.500541154493895	-0.33844785165026564
6855593.468113855	6.5085185951946	-0.3462980218292025
6546663.59604153	6.516685117409938	-0.3543281614286365
6251654.8624238875	6.52504534564601	-0.3625422425757493
5969939.946585932	6.533604027411285	-0.37094431360523117
5700919.796462336	6.542366037122342	-0.3795384995854378
5444022.35474455	6.551336380143962	-0.38832900276028226
5198701.34243066	6.56052019696208	-0.3973201029108367
4964435.097191765	6.56992276749317	-0.406516157646966
4740725.464084136	6.579549515542898	-0.4159216026444115
4527096.736248783	6.589406013440068	-0.4255409518442752
4323094.643345635	6.599497986887948	-0.4353787976277835
4128285.3855713676	6.609831320091549	-0.44543981096760155
3942254.7112067984	6.620412061233171	-0.45572874153700227
3764607.035732139	6.631246428375619	-0.46625041773038567
3594964.6006372715	6.642340815869133	-0.477009746515132
3432966.6701379064	6.653701801321226	-0.48801171299959456
3278268.764089805	6.6653361531565105	-0.4992613795704142
3130541.9254697203	6.677250838746955	-0.5107638844306333
2989472.0208654543	6.6894530330345985	-0.5225244393644808
2854759.0724875797	6.70195012750418	-0.5345483265705331
2726116.6202822607	6.714749739299978	-0.5468408944456451
2603271.112788984	6.7278597202285315	-0.5594075522681863
2485961.3254475915	6.741288165356275	-0.5722537638182446
2373937.805117912	6.755043420907332	-0.5853850400783904
2266962.3396306764	6.769134091198391	-0.5988069312723825
2164807.451241766	6.783569044418795	-0.612525018609247
2067255.9129126854	6.798357417174417	-0.6265449061936332
1974100.2863885525	6.813508617859762	-0.6408722136274131
1885142.4810915382	6.829032329095391	-0.6555125698504144
1800193.3328915443	6.8449385096559086	-0.670471608741149
1719072.2018585745	6.861237396502305	-0.6857549669158083
1641606.5881413468	6.8779395077059045	-0.7013682840248492
1567631.7651553594	6.895055647193214	-0.7173172056547206
1496990.4293004235	6.912596912336703	-0.7336073887059648
1429532.3654627306	6.930574705453917	-0.7502445088503699
1365114.1275902987	6.9490007502474285	-0.7672342693843495
1303598.733662394	6.967887114116847	-0.7845824105109414
1244855.3744044295	6.9872462371017825	-0.8022947178166431
1188759.135128866	7.007090967976538	-0.8203770284795611
1135190.7301106462	7.027434607722949	-0.8388352335675734
1084036.2489323393	7.048290960270456	-0.8576752746722563
1035186.9142595554	7.069674390028148	-0.8769031330852504
988538.8505316556	7.0915998853598055	-0.8965248097631465
943992.8630757676	7.114083126787971	-0.9165462944453846
901454.2271745029	7.137140558373975	-0.9369735224826665
860832.4866387862	7.160789460423371	-0.9578123181933614
822041.261457491	7.185048021423163	-0.9790683238808575
784998.0641148523	7.209935406938142	-1.000746914002397
749624.1241850764	7.235471823084628	-1.022853094364602
715844.2208311312	7.261678572163168	-1.0453913866173064
683586.5228515693	7.288578098065799	-1.0683656987106664
652782.4359352252	7.316194019174265	-1.0917791823573373
623366.4567989926	7.344551146625607	-1.1156340788903134
595276.033898512	7.3736754860323686	-1.13993155521878
568451.4344155745	7.403594220996078	-1.1646715318526268
542835.617239407	7.434335677034387	-1.189852505187404
518374.11167171923	7.4659292648443	-1.2154713664142025
495014.90159761196	7.498405402136921	-1.2415232195440637
472708.31487602246	7.531795413595422	-1.2680012011167863
451406.91771450854	7.5661314088208425	-1.2948963042030917
431065.4138037642	7.601446138435253	-1.322197209311591
411640.54799738515	7.637772828805597	-1.349890124782656
393091.0143320523	7.675144996132465	-1.377958639194452
375377.3681925604	7.7135962409156384	-1.4063835882260918
358461.94243490114	7.753160024062941	-1.4351429383221501
342308.7672890478	7.793869426151762	-1.4642116893836856
326883.4938711164	7.835756891584556	-1.4935617985746505
312153.32114225626	7.87885395960199	-1.5231621271790943
298086.92615895515	7.92319098433051	-1.5529784122733685
284654.3974664313	7.968796846245178	-1.5829732647870531
271827.1714934882	8.015698657622476	-1.6131061953149584
259577.97181357065	8.063921464739861	-1.6433336688083737
247880.75114286735	8.113487949746196	-1.673609189015113
236710.63595212135	8.164418135275954	-1.7038834132535017
226043.8735743677	8.216729095006201	-1.7341042977949221
215857.7816961288	8.27043467345292	-1.7642172737931978
206130.70012465582	8.325545218367507	-1.7941654533386728
196841.94472866112	8.382067329118659	-1.8238898648331263
187971.7634545922	8.440003624424651	-1.853329716483025
179501.29432492063	8.499352532730413	-1.882422686298599
171412.52532913143	8.56010810839895	-1.9111052365717507
163688.25612212226	8.622259876704323	-1.939312950395024
156312.06144856883	8.68579271037163	-1.9669808873857488
149268.2562154745	8.750686740108284	-1.9940439554037566
142541.86213864014	8.81691730121173	-2.0204372947078233
136118.57589212406	8.88445491792555	-2.0460966706953476
129984.73869296614	8.953265326753657	-2.0709588711212694
124127.30725649848	9.023309539438802	-2.0949621035048596
118533.82606048118	9.09454394577583	-2.1180463883143186
113192.4008590854	9.166920455872626	-2.140153943475247
108091.67339039884	9.240386680904663	-2.1612295557842383
103220.79722367559	9.314886150844728	-2.1812209349250797
98569.41469496701	9.390358567101408	-2.2000790459822164
94127.63488208993	9.466740087480911	-2.217758416621598
89886.01257209686	9.54396364040964	-2.2342174154578767
85835.52817652341	9.621959264931053	-2.249418498541971
81967.56855170491	9.700654472629992	-2.2633284213751463
78273.90868337487	9.779974627349386	-2.275918414374111
74746.69419660214	9.859843338354018	-2.287164320263913
71378.42465387231	9.940182862468676	-2.2970466924487756
68161.9376057989	10.020914510674249	-2.305550853991648
65090.39336054852	10.101959054685462	-2.3126669174079892
62157.260439592996	10.183237129154039	-2.31838976603487
59356.301688861735	10.264669625336573	-2.3227189982611227
56681.5610157583	10.346178072329907	-2.3256588363869546
54127.35072384094	10.427685002299533	-2.327218002313193
51688.23941823277	10.509114296498996	-2.327409562633793
49359.04045604408	10.590391509289168	-2.3262507460148685
47134.80091724692	10.67144416780492	-2.3237627359862763
45010.79107254906	10.752202045371522	-2.3199704424460466
42982.49432587187	10.832597407233457	-2.314902255284487
41045.59761004396	10.912565227613786	-2.308589783575834
39195.98221528928	10.99204337756346	-2.3010675837647265
37429.7150310057	11.07097278347888	-2.2923728801976853
35743.04018221051	11.149297556555492	-2.282545281222344
34132.37104286842	11.226965093799825	-2.27162649390624
32594.28260911828	11.30392615153773	-2.2596600402198064
31125.50421618151	11.380134892630233	-2.2466909772924506
29722.912583463672	11.455548908838484	-2.2327656240934757
28383.52517306161	11.53012921996556	-2.217931296618486
27104.49384755217	11.603840251546615	-2.2022360533833885
25883.09881357663	11.676649792960891	-2.1857284527483833
24716.74283834208	11.748528937902948	-2.168457323318869
23602.94572674137	11.819452009178173	-2.150471548403698
22539.33904734789	11.889396469783593	-2.1318198652576354
21523.66109606942	11.958342822202503	-2.1125506795973656
20553.752086752655	12.026274497784335	-2.092711895661388
19627.5495585106	12.093177738004112	-2.0723507618852812
18743.083990007148	12.159041469301641	-2.0515137320861414
17898.47461137274	12.2238571730941	-2.030246341894046
17091.92540484538	12.287618752439277	-2.008593100033866
16321.721285632737	12.350322396704476	-1.9865973939474892
15586.224454873618	12.41196644547034	-1.9643014091532225
14883.870916944335	12.472551252772096	-1.9417460616651625
14213.167153703595	12.532079052655554	-1.918970942738822
13572.686948604116	12.590553826902902	-1.8960142751691937
12961.068353917582	12.647981175665738	-1.8729128803418462
12377.010794623857	12.704368191631005	-1.8497021552251172
11819.272302806181	12.759723338240295	-1.8264160584903184
11286.666876671068	12.814056332385222	-1.8030871049554928
10778.061958577488	12.86737803191139	-1.7797463675652603
10292.37602671213	12.9197003281813	-1.7564234861430947
9828.57629528972	12.971036043872312	-1.733146682181731
9385.67651838792	13.02139883611935	-1.7099427789711497
8962.734892746934	13.070803105053248	-1.6868372264005431
8558.85205507391	13.11926390773424	-1.6638541298099077
8173.169169593918	13.166796877435397	-1.6410162823075816
7804.866101780478	13.213418148192922	-1.6183452000114027
7453.159674382292	13.259144284508015	-1.5958611597125476
7117.302002037697	13.30399221605866	-1.5735832385020394
6796.578900935462	13.347979177258116	-1.5515293549399336
6490.308370140246	13.391122651479975	-1.5297163113858825
6197.839141353113	13.433440319756983	-1.508159837146967
5918.549294023551	13.474950013751366	-1.4868746321341395
5651.844932867859	13.515669672788583	-1.4658744107520891
5397.158924981825	13.555617304743079	-1.4451719457788454
5153.949693862209	13.594810950563726	-1.4247791120209137
4921.700067772555	13.633268652227958	-1.4047069295570669
4699.916180004536	13.671008423916286	-1.3849656064091904
4488.126418696108	13.708048226203424	-1.3655645805018886
4285.880423973543	13.744405943067692	-1.3465125607938264
4092.748130284649	13.780099361526618	-1.3278175674831552
3908.3188518868237	13.815146153714139	-1.3094869712069956
3732.2004095452544	13.849563861222144	-1.291527531170785
3564.0182965842364	13.883369881537488	-1.2739454321575365
3403.414882518304	13.916581456413628	-1.256746320379844
3250.048652569623	13.94921566202478	-1.2399353381486873
3103.5934814546704	13.981289400758662	-1.2235171573432106
2963.7379398958333	14.012819394512555	-1.2074960116743716
2830.1846323833015	14.043822179365513	-1.1918757277430798
2702.6495647790402	14.074314101507774	-1.1766597549001558
2580.8615404180714	14.10431131431616	-1.1618511939211047
2464.561583422941	14.133829776471991	-1.1474528245137605
2353.5023880050003	14.162885251025212	-1.1334671316808618
2247.447792581575	14.19149330531554	-1.119896330963254
2146.1722775906787	14.219669311667907	-1.1067423925921336
2049.4604859354376	14.247428448786097	-1.094007064581241
1957.1067650384618	14.274785703774121	-1.0816918947915792
1868.9147295323685	14.301755874720786	-1.0697982520028018
1784.6968436565649	14.328353573788114	-1.05832734602634
1704.274022472217	14.354593230749241	-1.0472802468961182
1627.4752510474898	14.38048909692618	-1.0366579031730638
1554.1372208032167	14.406055249482101	-1.026461159399824
1484.1039822457285	14.43130559602692	-1.0166907727420484
1417.2266133483952	14.456253879498728	-1.0073474288523194
1353.362902876705	14.480913683287131	-0.9984317569924848
1292.3770479835096	14.50529843656782	-0.9899443444495759
1234.1393654313383	14.529421419820721	-0.9818857502798325
1178.5260158277747	14.553295770506756	-0.9742565184147738
1125.4187402874488	14.57693448888101	-0.9670571901622289
1074.7046089606897	14.600350443922277	-0.9602883161346265
1026.275780894094	14.623556379361222	-0.9539504676357837
980.0292747123644	14.646564919791327	-0.9480442475365667
935.8667496337996	14.669388576848753	-0.9425703006688703
893.6942963537402	14.692039755448766	-0.9375293237663567
853.4222373513435	14.714530760067964	-0.9329220749794624
814.9649361950129	14.73687380106304	-0.9287493829912393
778.2406154409961	14.759081001017883	-0.9250121557595824
743.171182737919	14.78116440111225	-0.9217113889105392
709.6820647674746	14.803135967505995	-0.9188481738064154
677.7020486681597	14.825007597734128	-0.9164237053115389
647.163130604833	14.846791127108535	-0.9144392892776151
618.0003711621146	14.868498335123274	-0.9128963497698313
590.151757254107	14.890140951860818	-0.9117964360539815
563.5580702568049	14.911730664397458	-0.911141229364109
538.1627600827815	14.933279123206573	-0.9109325494694591
513.911824930378	14.954797948559026	-0.9111723610587016
490.75369645169553	14.976298736920402	-0.9118627799587882
468.63913009518814	14.997793067345249	-0.9130060792050522
447.5211003896981	15.019292507868961	-0.9146046949786086
427.35470094724514	15.040808621898012	-0.9166612324264435
408.09704897193603	15.062352974599964	-0.919178471379039
389.70719407193724	15.083937139294544	-0.9221593719798364
372.1460311806032	15.105572703847718	-0.9256070802403386
355.3762174015961	15.127271277070497	-0.929524933534122
339.3620926011611	15.149044495124913	-0.9339164660426997
324.0696035787167	15.170904027939216	-0.9387854141655676
309.4662316544993	15.192861585635033	-0.9441357219065903
295.52092352028876	15.21492892496901	-0.949971546248328
282.2040252061687	15.237117855791714	-0.9562972625256737
269.48721902290674	15.25944024752674	-0.963117469809867
257.34346334586866	15.281908035672949	-0.9704369963135462
245.7469351124113	15.304533228332927	-0.9782609048274448
234.6729749104902	15.327327912770892	-0.9865944981988647
224.09803454170614	15.350304262003167	-0.9954433248620222
213.9996269472903	15.373474541424597	-1.0048131844301418
204.356278390547	15.396851115474252	-1.0147101333589044
195.14748279407516	15.42044645434376	-1.0251404906908563
186.35365813466225	15.444273140731843	-1.0361108438901772
177.95610480313573	15.46834387664843	-1.0476280547771037
169.93696584061976	15.492671490271961	-1.059699265571271
162.27918896664397	15.5172689428634	-1.0723319050531759
154.96649031835923	15.542149335740609	-1.0855336948528231
147.9833198237527	15.567325917316666	-1.099312655874767
141.31482813523263	15.592812090205848	-1.1136771148686513
134.94683505326378	15.618621418400869	-1.1286357111543308
128.8657993729145	15.644767634525206	-1.144197403510887
123.05879008919085	15.671264647164135	-1.160371477238654
117.51345889992942	15.698126548278294	-1.1771675514036852
112.21801394777715	15.725367620703558	-1.194595586274035
107.16119474542201	15.753002345740903	-1.212665890957417
102.33224823075524	15.781045410840292	-1.2313891312499141
97.72090590104469	15.809511717382158	-1.2507763377056085
93.31736197750078	15.838416388560546	-1.2708389139370828
89.1122525537985	15.867774777371599	-1.2915886451570788
85.09663568422107	15.897602474711446	-1.313037706971698
81.26197236907802	15.927915317587187	-1.335198674435786
77.6001083969671	15.958729397445035	-1.3580845313814789
74.1032570052716	15.990061068619458	-1.3817086800310334
70.7639823220135	16.021926956907244	-1.40608495090549
67.5751835538623	16.05434396827043	-1.4312276130409403
64.53007988666616	16.087329297672053	-1.4571513845245516
61.62219606640659	16.1209004380486	-1.4838714433628777
58.84534862990779	16.155075189423222	-1.511403438695338
56.193632756024286	16.189871668163466	-1.5397635023661638
53.66140970934863	16.225308316387668	-1.5689682608685633
51.24329484973294	16.261403911523765	-1.5990348476752771
48.9341461821345	16.29817757602457	-1.6299809159702208
46.729053422429914	16.335648787243308	-1.6618246517963762
44.6233275559537	16.373837387473323	-1.6945847876356566
42.61249086655264	16.412763594155848	-1.7282806164370164
40.69226741495559	16.45244801025959	-1.7629320061097011
38.858573946213035	16.492911634835913	-1.798559414499076
37.107511206867166	16.534175873753515	-1.8351839048632312
35.43535565339424	16.57626255061606	-1.8728271618689907
33.83855153428233	16.61919391786667	-1.9115115081268117
32.313703328912425	16.66299266808227	-1.9512599212845707
30.857568527160538	16.707681945461218	-1.992096051701275
29.467050734368804	16.753285357506716	-2.0340442407227872
28.13919308702476	16.799826986909018	-2.077129539583122
26.871171965144406	16.847331403629777	-2.1213777289565154
25.66029098799251	16.89582367719354	-2.1668153391863045
24.503975280369346	16.945329389193247	-2.213469671216509
23.399765997272674	16.995874646018102	-2.26136881824951
22.34531509529288	17.047486091811216	-2.3105416881484055
21.33838033962042	17.10019092165871	-2.3610180265973586
20.37682053605131	17.154016894999707	-2.4128284410302614
19.458590977848637	17.208992349228694	-2.466004425343511
18.581739097781046	17.265146213442744	-2.5205783854277923
17.744400316090143	17.322508022275574	-2.576583665590465
16.944794075558754	17.381107929771918	-2.6340545759911826
16.18122005524943	17.44097672330295	-2.6930264212673896
15.452054554860174	17.502145837614364	-2.7535355305603257
14.755747042011013	17.564647369227764	-2.8156192891354888
14.090816855117303	17.628514091559595	-2.8793161716930937
13.455850054840598	17.693779471231853	-2.94466577726236
12.849496417420237	17.76047768606423	-3.011708865272908
12.270466563492837	17.828643645086352	-3.080487392035697
11.71752921629475	17.898313010539272	-3.1510445465266192
11.189508583415867	17.969522221229667	-3.223424784166518
10.685281856538824	18.042308515801476	-3.2976738573687294
10.203776823845336	18.116709953613533	-3.373838842108467
9.743969590014057	18.19276543014811	-3.451968160737275
9.304882398960455	18.27051468346252	-3.532111602719035
8.88558155468944	18.349998288393042	-3.614320346784438
8.485175435839816	18.431257636245736	-3.6986469899501664
8.102812599697707	18.514334899689803	-3.785145590575569
7.737679971648333	18.599272985485406	-3.873871733708004
7.389001116215025	18.68611548133088	-3.964882626962729
7.056034586009917	18.774906607112605	-4.058237233720046
6.738072345084688	18.86569118463028	-4.153996447273186
6.434438263328981	18.958514642784586	-4.2522233047076785
6.1444866787152135	19.053423076562424	-4.3529832329783025
5.867601024331754	19.150463377320687	-4.456344312384291
5.603192517285772	19.249683448414437	-4.562377535176841
5.350698906686949	19.351132513971674	-4.671157030290919
5.109583278050472	19.454861519745076	-4.782760220166346
4.87933291157633	19.560923613988393	-4.897267873253972
4.65945819187736	19.66937468405021	-5.014764016849412
4.449491566837824	19.78027391194543	-5.135335679827323
4.248986553388079	19.89368430078831	-5.259072443759023
4.057516788081781	20.009673114887907	-5.386065793475012
3.874675120456128	20.128312170621594	-5.516408273690771
3.7000727472477726	20.249677913765634	-5.65019247583962
3.533338385622916	20.373851222290668	-5.7875098975390635
3.3741174836637042	20.500916881871916	-5.9284497348553185
3.2220714664321783	20.630962694317304	-6.073097683460665
3.076877016008227	20.764078196277403	-6.221534837756106
2.938225383971012	20.90035298624184	-6.373836786090964
2.8058217348614636	21.03987468106372	-6.53007300457767
2.6793845192301498	21.182726548093616	-6.690306651072396
2.55864487493703	21.328984884369063	-6.854594854227649
2.443346055430116	21.478716239003496	-7.022989579815272
2.3332428837874017	21.6319745976294	-7.195539137632955
2.228101231360854	21.788798666987063	-7.372290367336605
2.1276975199141424	21.94920941187391	-7.553291510910686
2.0318182461951086	22.113208003956885	-7.738595744083966
1.9402595279323134	22.280774340726573	-7.9282653002644885
1.852826670289994	22.451866281725895	-8.122376080585768
1.7693337518596393	22.62641972721484	-8.321022605103956
1.689603229307869	22.804349631513794	-8.524323126217078
1.613465559839744	22.98555200027874	-8.732424699365817
1.5407588406749178	23.16990686990631	-8.94550799125929
1.4713284647697693	23.357282211280392	-9.163791604949964
1.4050267920536406	23.54753864323351	-9.387535715791
1.3417128354799117	23.74053478811375	-9.617044843077075
1.2812519612243878	23.93613305757699	-9.852669627886888
1.2235156023935385	24.13420562564118	-10.09480754564354
1.1683809856336655	24.33464033170199	-10.343902548114414
1.1157308700598152	24.53734626079865	-10.600443698865378
1.0654532979491154	24.742258772455322	-10.864962932912452
1.0174413566685556	24.94934379164815	-11.13803212985259
0.9715929513308378	25.15860123294984	-11.420259735101652
0.9278105876949145	25.37006749740202	-11.71228719210951
0.8860011648496033	25.583817055949837	-12.014785457103704
0.8460757772393261	25.799963207705332	-12.328451856199331
0.8079495256111154	26.018658170316584	-12.654007513394518
0.7715413364807557	26.240092718275143	-12.992195529329734
0.7367737897342744	26.46449562893868	-13.343780028224995
0.7035729539980996	26.692133222384197	-13.70954611854493
0.6718682294278445	26.923309288234375	-14.090300736645261
0.6415921975814435	27.15836567999162	-14.486874267109233
0.612680478057331	27.397683826195312	-14.900122763723303
0.5850715915928995	27.64168736018602	-15.330930535626646
0.5587068293320355	27.890846009833012	-15.780212817879733
0.5335301279838188	28.14568081955952	-16.2489182172387
0.5094879506068526	28.40677070426916	-16.73803061372456
0.48652917276574525	28.674760263421	-17.248570206624173
0.4646049738176823	28.950368718381586	-17.78159341838282
0.44366873309786065	29.2343997814976	-18.338191408620194
0.4236759307830939	29.527752224206388	-18.919486999275815
0.40458405322271696	29.831430885692182	-19.52662986601743
0.38635250253553927	30.146557853303527	-20.16078990559981
0.368942510280564	30.474383549845392	-20.823148739201603
0.352317055017917	30.816297478241133	-21.51488935396804
0.33644078358469803	31.17383839719139	-22.237183916264655
0.3212799359183131	31.548703727991946	-22.99117980907969
0.30680227326747456	31.9427580181253	-23.77798395262583
0.29297700963816836	32.35804030743992	-24.59864546289624
0.2797747463288539	32.79677025418313	-25.454136690279793
0.26716740941565514	33.261352878317325	-26.34533266278427
0.25512819005462384	33.75438176696689	-27.272988939915916
0.24363148747413962	34.27864056117922	-28.23771786802294
0.23265285453619697	34.837102505175565	-29.239963220075346
0.2221689457508501	35.43292779060049	-30.279973206301786
0.21215746763323948	36.069458371500765	-31.35777186033495
0.20259713129766618	36.750209864131584	-32.47312884150905
0.1934676071878848	37.47886008314087	-33.62552775016724
0.18474948184736076	38.25923370675625	-34.81413313109501
0.1764242166375738	39.09528251346627	-36.037756441654956
0.16847410831656462	39.99106059714167	-37.29482138618836
0.16088225139392065	40.95069395299578	-38.583329166068665
0.15363250218212737	41.97834384026024	-39.90082436348719
0.14670944446786421	43.07816337639153	-41.24436236300657
0.14009835673022936	44.254246909708215	-42.61047941256478
0.13378518083619226	45.51057185999953	-43.99516662695086
0.12775649214671156	46.85093291644836	-45.39384943111639
0.1219994709699362	48.27886874409337	-46.80137411439316
0.11650187530080425	49.7975816762059	-48.21200330317313
0.11125201478905385	51.40985125870081	-49.6194222397206
0.10623872588030704	53.11794295712106	-51.01675775747529
0.10145134807735248	54.923513823579285	-52.396611746897214
0.09687970127115329	56.82751742964736	-53.7511106902364
0.09251406409337949	58.83011087311911	-55.07197249190955
0.08834515324442231	60.93056712586071	-56.350591333223704
0.08436410375294526	63.12719636437883	-57.578140635282665
0.08056245012498221	65.41728016837396	-58.74569343376687
0.0769321083425089	67.79702253940722	-59.84435858020075
0.07346535867319934	70.26152154084505	-60.86543022844565
0.07015482925481713	72.80476496076241	-61.80054709973356
0.0669934804193372	75.41965273705098	-62.64185711437546
0.06397458972345693	78.09804796535768	-63.38218221068428
0.06109173765367345	80.8308571670558	-64.01517761952445
0.05833879397552116	83.60813918318802	-64.53547959618338
0.055709904697949876	86.41924066130869	-64.93883568290246
0.05319947962511759	89.25295471307855	-65.22221201319917
0.050802180469130126	92.09769804761818	-65.38387296959715
0.04851290949845211	94.94170083308472	-65.42342963224071
0.04632679869784523	97.77320279680114	-65.3418548374469
0.04423919941678947	100.58064870790753	-65.14146420638274
0.04224567248436891	103.35287642862649	-64.82586409169906
0.04034197876960776	106.07929116661651	-64.39986890613623
0.038524070167178966	108.75002037114663	-63.86939163170112
0.036788080989319114	111.35604481835607	-63.241312370233906
0.03513031974564622	113.88930273180526	-62.52333052339476
0.03354726129339691	116.34276517875574	-61.72380655261776
0.032035539341395455	118.71048236534469	-60.85159927116499
0.030591939291810182	120.9876017312176	-59.91590429474638
0.0292133914044799	123.17035984125846	-58.92609868123036
0.027896964269271237	125.25605093778017	-57.8915959955528
0.026639858572587678	127.24297562511195	-56.82171512077079
0.025439401144776077	129.13037350805956	-55.72556517577878
0.02429303927577004	130.9183437142974	-54.61194796124068
0.02319833528688605	132.60775713122376	-53.489278491423676
0.022152961347226142	134.2001639221756	-52.365523419176796
0.0211546945236677	135.69769950074604	-51.24815654720601
0.020201412053911877	137.10299168007535	-50.144130149901784
0.01929108683254011	138.41907121679307	-49.05986050349151
0.01842178310048085	139.6492874707549	-48.00122582667848
0.017591652328718264	140.79723042820962	-46.973574751881614
0.01679892928749238	141.86665990626835	-45.981743458345036
0.016041928292629556	142.86144238217366	-45.03007968154876
0.015319039621023546	143.7854955773906	-44.122471948259104
0.014628726087643117	144.64274067467687	-43.262382554960766
0.013969519776788134	145.43706185308037	-42.452882993822314
0.013340018920643857	146.17227268592637	-41.696690722235914
0.012738884918494384	146.85208885351213	-40.99620635976747
0.012164839490258527	147.48010656803214	-40.35355057321412
0.011616661958293518	148.05978608585204	-39.77060007187241
0.01109318665168807	148.5944396846645	-39.24902227853532
0.010593300427523858	149.08722350406424	-38.790308366116946
0.010115940303835082	149.54113268224157	-38.39580445527928
0.0096600911992331	149.95899926429308	-38.06674085592151
0.009224783774388486	150.3434924054132	-37.80425930634068
0.008809092370781839	150.69712044206364	-37.609438220024785
0.008412133042339114	151.0222344539649	-37.48331599326778
0.008033061675766338	151.32103298780197	-37.42691245897154
0.007671072195586989	151.59556765882883	-37.44124859491244
0.00732539485006429	151.84774938837774	-37.52736461003619
0.006995294574364578	152.07935507327545	-37.68633654149572
0.006680069427480054	152.29203451719064	-37.919291499439396
0.006379049099588074	152.48731748402068	-38.227421697114785
0.0060915934866722	152.6666207597379	-38.61199740160733
0.0058170913293743454	152.83125513188153	-39.074378936262576
0.0055549589131838354	152.98243221540395	-39.616027860180594
0.005304638827198761	153.1212710701595	-40.23851744363293
0.005065598778820981	153.2488045692934	-40.943542551233676
0.0048373304618635135	153.3659854894475	-41.73292903751327
0.004619348475664109	153.4736923033662	-42.608642752423634
0.004411189292906011	153.57273466342673	-43.57279824742198
0.004212410273951253	153.66385857110026	-44.62766726625208
0.004022588725590703	153.74775123260576	-45.775687098438844
0.0038413210022088693	153.82504560525217	-47.019468867882644
0.003668221647452707	153.89632464236539	-48.36180582378085
0.003502922574578667	153.96212524741597	-49.80568169642407
0.0033450722837355578	154.02294195013596	-51.35427917616235
0.003194335114518409	154.07923031914734	-53.010988569998695
0.0030503905322041007	154.13141012699572	-54.779416686766425
0.0029129324461510974	154.17986828455736	-56.663395998653215
0.002781668558913571	154.2249615625908	-58.66699412389429
0.0026563197446862353	154.2670191187521	-60.79452367270631
0.002536619455757797	154.3063448486842	-63.050552495982934
0.0024223131557112366	154.34321957978943	-65.43991437385051
0.0023131577781653695	154.3779031259968	-67.96772017895648
0.0022089212099068428	154.41063622118202	-70.63936954730698
0.0021093817973135694	154.44164234789656	-73.46056308766548
0.002014327875019795	154.47112947668433	-76.43731515904653
0.0019235573158208174	154.49929172953995	-79.57596724472826
0.0018368771008599634	154.5263109790403	-82.88320195062433
0.001754102909184126	154.552358392433	-86.36605765579276
0.001675058725794849	154.57759592761448	-90.03194384346679
0.0015995764673616011	154.60217778559417	-93.8886571422255
0.0015274956248013942	154.6262518218839	-97.94439810881396
0.0014586629219645413	154.64996091739437	-102.2077887866182
0.0013929319897009766	154.6734443080129	-106.68789107676673
0.0013301630546138467	154.69683887114292	-111.3942259621958
0.00127022264183872	154.72028036718172	-116.33679362855054
0.0012129832912162349	154.7439046341725	-121.52609452942079
0.001158323286254708	154.7678487346539	-126.97315144689613
0.0011061263953064037	154.79225205494475	-132.68953260169835
0.0010562816244069622	154.8172573586179	-138.68737587012296
0.0010086829812525637	154.8430117975936	-144.97941416759565
0.0009632292498127922	154.86966788598153	-151.57900206093393
0.0009198237751000583	154.89738444339255	-158.5001436733132
0.0008783742576377997	154.9263275158208	-165.75752194768376
0.0008387925571904514	154.95667128330476	-173.3665293359569
0.0008009945053378603	154.98859896436983	-181.3432999828404
0.0007648997264955041	155.0223037277344	-189.7047434748825
0.0007304314670000335	155.05798962195087	-198.46858022706616
0.0006975164318965864	155.09587253360235	-207.65337858142533
0.000666084629080914	155.13618118443145	-217.27859369449388
0.0006360692204648147	155.17915817741175	-227.36460829317048
0.0006074063798484195	155.22506110133838	-237.93277538164904
0.0005800351571971289	155.2741637030702	-249.00546298551137
0.000553897349034524	155.32675713614566	-260.60610102291713
0.0005289373746757314	155.3831512941527	-272.75923039691014
0.0005051021580379793	155.44367623698952	-285.4905544073776
0.0004823410147770932	155.50868371801587	-298.82699258587536
0.00046060554450987615	155.57854882008127	-312.79673706162055
0.0004398495278932149	155.6536717085187	-327.4293115721928
0.0004200288283410721	155.73447950941795	-342.755633238012
0.000401101298170325	155.82142832182524	-358.808077225479
0.0003830266889759313	155.91500537295863	-375.62054442960084
0.00036576656604478256	156.015731326065	-393.2285323132543
0.0003492842266263046	156.12416275117474	-411.66920904665494
0.00033354462188596874	156.2408947697147	-430.9814910974226
0.0003185142823757705	156.36656388474412	-451.2061244285988
0.0003041612468632049	156.50185100942457	-472.3857694692597
0.0002904549943673631	156.6474847072894	-494.56509003000974
0.00027736637925766924	156.80424465887268	-517.7908463434247
0.00026486756927720904	156.97296537034657	-542.111992417844
0.00025293198635889584	157.15454014096417	-567.5797779013375
0.00024153425010859465	157.34992530733388	-594.2478546616834
0.00023065012383503584	157.56014478386518	-622.172388297406
0.000220256463011763	157.78629492011345	-651.4121748045914
0.00021033116606149763	158.02954969723316	-682.0287626343505
0.00020085312735829613	158.29116628734016	-714.0865803861861
0.00019180219234753057	158.5724910012449	-747.6530703936394
0.0001831591146882862	158.87496565182596	-782.7988284698255
0.0001749055153270193	159.20013436222058	-819.5977500925795
0.00016702384341545708	159.5496508500313	-858.1271833212164
0.0001594973389896398	159.9252862209377	-898.468088749886
0.00015230999733072665	160.3289373074007	-940.7052068161004
0.00014544653493180163	160.7626355906305	-984.9272327969342
0.0001388923569982888	161.22855674661895	-1031.2269998402373
0.00013263352641288776	161.72903085985484	-1079.7016703933373
0.00012665673409901883	162.2665533513428	-1130.4529364077778
0.00012094927071976522	162.84379667076246	-1183.587228715191
0.0001154989996521349	163.46362280601295	-1239.2159359866332
0.00011029433117916113	164.129096667064	-1297.4556337059375
0.00010532419784497822	164.84350040491114	-1358.4283236061317
0.00010057803092045043	165.61034873063235	-1422.2616840378241
9.604573792932431e-05	166.43340530395324	-1489.089331758517
9.171768118710325e-05	167.3167002654984	-1559.0510956532464
8.75846573070133e-05	168.26454899196793	-1632.2933029188898
8.363787762948422e-05	169.2815721588764	-1708.9690782673479
7.986894953352069e-05	170.3727172012515	-1789.2386567269757
7.626985859023451e-05	171.5432812688772	-1873.2697106460764
7.283295152057728e-05	172.79893577918313	-1961.2376915285786
6.955091992104414e-05	174.145752677933	-2053.326187358415
6.641678472273414e-05	175.5902325252814	-2149.727296097494
6.342388135072377e-05	177.13933453279145	-2250.6420160709017
6.056584555219804e-05	178.80050868545086	-2356.2806539832145
5.783659986319699e-05	180.58173009180115	-2466.863251341353
5.523034068520774e-05	182.49153571496174	-2582.6200300916103
5.274152594411325e-05	184.53906364757233	-2703.791858312767
5.036486330526259e-05	186.73409510470537	-2830.6307368418643
4.8095298919596804e-05	189.0870993204534	-2963.4003077460293
4.5928006676902064e-05	191.60928154631202	-3102.3763855914485
4.3858377943339594e-05	194.3126343628424	-3247.8475124995784
4.188201176142481e-05	197.20999253009253	-3400.1155380219593
3.999470549162236e-05	200.31509161740905	-3559.496224906417
3.8192445875651135e-05	203.6426306692523	-3726.319881872017
3.647140050250115e-05	207.20833918063988	-3900.9320245545355
3.4827909659011044e-05	211.0290486740695	-4083.6940658320027
3.325847854767862e-05	215.12276918902793	-4274.984036787877
3.1759769855157385e-05	219.50877101577254	-4475.197339619714
3.0328596655632753e-05	224.20767202695563	-4684.747533853781
2.8961915633991736e-05	229.2415309838628	-4904.06715727896
2.7656820614371134e-05	234.63394721882355	-5133.608583069882
2.6410536380327144e-05	240.41016712163838	-5373.844914625738
2.5220412773482013e-05	246.59719788576777	-5625.270919711446
2.4083919058100294e-05	253.2239289998147	-5888.404005548579
2.2998638539612108e-05	260.32126200131313	-6163.785236566564
2.1962263425637468e-05	267.92224904341913	-6451.980396590648
2.097258991858699e-05	276.06224086065953	-6753.581097309174
2.0027513529400623e-05	284.77904475778513	-7069.205934933219
1.912502460246211e-05	294.11309328575146	-7399.50169703151
1.8263204042170934e-05	304.1076243116188	-7745.1446215983115
1.7440219232085464e-05	314.80887323419904	-8106.84171048629
1.6654320137960277e-05	326.266278145269	-8485.33209941401
1.5903835586389086e-05	338.53269878702264	-8881.388486838125
1.5187169711142257e-05	351.6646502101602	-9295.818624060279
1.4502798559640054e-05	365.7225520942678	-9729.466869024483
1.3849266852347447e-05	380.770994752508	-10183.215806344098
1.3225184888197945e-05	396.8790229067308	-10657.98793618738
1.2629225589466646e-05	414.1204383868848	-11154.747434738878
1.2060121679809107e-05	432.57412298039384	-11674.501989045366
1.1516662989463908e-05	452.32438273317456	-12218.304709150027
1.0997693881890226e-05	473.46131508406404	-12787.256120511165
1.0502110796366658e-05	496.0812002995961	-13382.506239801667
1.002885990132727e-05	520.2869187654339	-14005.256737280672
9.576934853443624e-06	546.1883957859226	-14656.76318903184
9.145374657688108e-06	573.9030756430373	-15338.337422461937
8.733261623828437e-06	603.5564267715747	-16051.349958556055
8.339719415006967e-06	635.2824800192449	-16797.23255449127
7.96391118425639e-06	669.2244020772347	-17577.480850311622
7.605037794988069e-06	705.5351062913554	-18393.657123476187
7.262336121670012e-06	744.3779031937	-19247.3931551936
6.935077427080163e-06	785.9271932326209	-20140.393212565406
6.622565812684644e-06	830.3692043232118	-21074.437150664056
6.324136738846051e-06	877.9027769924362	-22051.383638776166
6.039155611714369e-06	928.740200053355	-23073.173515148563
5.767016433796488e-06	983.1080999101096	-24141.833274673485
5.507140515333956e-06	1041.2483867724757	-25259.47869405628
5.258975243749586e-06	1103.4192612431957	-26428.318599102422
5.021992908545572e-06	1169.89628493557	-27650.65877886361
4.795689579154599e-06	1240.973518981966	-28928.906051473125
4.579584033357941e-06	1316.9647345067535	-30265.572486591223
4.373216733991366e-06	1398.2046993599558	-31663.27978947139
4.176148851763475e-06	1485.0505456402182	-33124.76385173429
3.987961332108059e-06	1577.8832227796045	-34652.87947401771
3.8082540040863864e-06	1677.1090412157182	-36250.605265737766
3.636644729444704e-06	1783.1613119416131	-37921.04872725811
3.472768590017057e-06	1896.502087499597	-39667.45151982464
3.316277111745975e-06	2017.624010271596	-41493.19492866029
3.1668375236704628e-06	2147.0522742169364	-43401.80552466114
3.0241320503060165e-06	2285.3467065182354	-45396.96103015004
2.8878572359115967e-06	2433.103975916952	-47482.49639416697
2.7577232992068e-06	2590.959934852649	-49662.41008276997
2.6334535171671748e-06	2759.5921028645357	-51940.8705898066
2.5147836365870573e-06	2939.7222990692053	-54322.22317359304
2.4014613121590127e-06	3132.119431894832	-56810.9968248814
2.2932455698746233e-06	3337.602454631146	-59411.91147144342
2.1899062946059082e-06	3557.0434957412663	-62129.88542450226
2.0912237407774824e-06	3791.3711732820734	-64970.04307214918
1.9969880650890337e-06	4041.57410318758	-67937.72282474834
1.9069988802945596e-06	4308.704611587271	-71038.48531717708
1.8210648290892781e-06	4593.882661759759	-74278.12187258044
1.739003177198371e-06	4898.300006753617	-77662.6632320976
1.660639424802025e-06	5223.2245791511405	-81198.38855479537
1.5858069354707233e-06	5570.005129893978	-84891.83469176154
1.5143465818215537e-06	5940.076128544764	-88749.80573802162
1.446106407142114e-06	6334.962937807844	-92779.38286559696
1.3809413022625399e-06	6756.287275591784	-96987.93444064648
1.3187126969883789e-06	7205.772978348124	-101383.12642723163
1.2592882654383506e-06	7685.252079874301	-105972.9330797697
1.202541644660223e-06	8196.671220215467	-110765.64792576554
1.1483521659266262e-06	8742.098399740737	-115769.89503984443
1.0966045981392852e-06	9323.73009389993	-120994.64060953943
1.0471889027960908e-06	9943.898744583237	-126449.20479263594
1e-06	10605.080644409683	-132143.27386518437
