10000000000.0	6.167750389486333	-0.007434566134007341
9549375450.12083	6.167923782237726	-0.00760795473513849
9119057148.73708	6.168101218986812	-0.0077853872874894346
8708130046.439873	6.168282794053116	-0.00796695809595834
8315720328.193283	6.168468603956176	-0.00815276366491822
7940993555.211967	6.1686587474668695	-0.008342902749483117
7583152890.570921	6.168853325659943	-0.008537476407968954
7241437404.773077	6.169052441967761	-0.00873658805557744
6915120457.672672	6.169256202235311	-0.008940343519330787
6603508153.312801	6.169464714776504	-0.009148851094286852
6305937864.391801	6.1696780904317725	-0.009362221601064143
6021776823.221068	6.169896442627025	-0.00958056844470696
5750420776.177388	6.170119887433975	-0.00980400767492224
5491292698.789334	6.170348543631877	-0.010032658047719325
5243841568.724664	6.17058253277071	-0.010266641088485868
5007541194.070241	6.170821979235829	-0.01050608115653256
4781889094.412331	6.171067010314132	-0.010751105511141208
4566405432.338163	6.171317756261772	-0.011001844379150926
4360631993.0868635	6.171574350373453	-0.011258431024117749
4164131210.179517	6.171836929053339	-0.011521001817084844
3976485234.9570384	6.1721056318876295	-0.011789696308999795
3797295048.0466704	6.172380601718824	-0.012064657304817959
3626179610.8682275	6.172661984721719	-0.012346030939330196
3462775055.37539	6.172949930481199	-0.012633966754755442
3306733910.309255	6.17324459207182	-0.012928617780138872
3157724362.3189387	6.173546126139284	-0.01323014061259699
3015429550.377693	6.173854692983786	-0.0135386955004532
2879546891.9945755	6.17417045664534	-0.013854446428306626
2749787439.7884736	6.174493584991082	-0.014177561204079802
2625875267.0566664	6.174824249804622	-0.01450821154809011
2507546881.031051	6.175162626877488	-0.014846573184192321
2394550662.574498	6.175508896102704	-0.015192825933039895
2286646331.1259575	6.175863241570562	-0.015547153807513557
2183604433.7563086	6.176225851666644	-0.0159097451103679
2085205857.2487578	6.176596919172121	-0.01628079253414617
1991241362.1659448	6.176976641366409	-0.016660493263416648
1901511137.9132636	6.177365220132243	-0.017049049079382806
1815824377.852032	6.177762862063187	-0.017446666466923035
1733998873.5591125	6.178169778573683	-0.017853556724115177
1655860627.370263	6.178586186011671	-0.018269936074302863
1581243482.3831267	6.179012305773849	-0.01869602578076277
1509988769.1333063	6.179448364423636	-0.019132052264031463
1441944968.1919765	6.179894593811904	-0.019578247221953955
1376967387.9677725	6.180351231200538	-0.02003484775251518
1314917857.0276506	6.1808185193888985	-0.02050209647951916
1255664430.282534	6.181296706843254	-0.020980241681180494
1199081108.4130037	6.1817860478292435	-0.021469537421694367
1145047569.9382813	6.18228680254746	-0.021970243685854228
1093448915.3589137	6.182799237272215	-0.02248262651678525
1044175422.8289704	6.183323624493567	-0.02300695815686568
997122314.8382508	6.1838602430626795	-0.023543517191908343
952189535.4084085	6.184409378340612	-0.02409258869867578
909281537.3291016	6.184971322350603	-0.024654464395805938
868307078.9818686	6.185546373933937	-0.02522944279822432
829179030.3195585	6.1861348389094815	-0.02581782937512315
791814187.5888621	6.186737030236994	-0.02641993671158652
756133096.401845	6.187353268184258	-0.027036084673945443
722059882.7803626	6.187983880498177	-0.02766660057894557
689522091.8139948	6.188629202579895	-0.028311819366814334
658450533.5884523	6.189289577664061	-0.02897208377831488
628779136.0568553	6.189965357002316	-0.029647744535875573
600444804.540952	6.190656900051124	-0.0303391605288876
573387287.5635968	6.191364574664039	-0.031046699003262252
547549048.7271206	6.1920887572885315	-0.03177073575534421
522875144.3651781	6.192829833167463	-0.03251165533027708
499313106.7079237	6.193588196545343	-0.03326985122491946
476812832.31202096	6.194364250879475	-0.03404572609541382
455326475.5183012	6.195158409056108	-0.03483969196950884
434808346.7104509	6.195971093611733	-0.03565217046374213
415214815.1584423	6.1968027369596275	-0.03648359300558773
396504216.24004877	6.1976537816217965	-0.03733440106067932
378636762.8432123	6.198524680466433	-0.038205046365217855
361574460.760821	6.199415896951044	-0.03909599116367775
345281027.89800614	6.200327905371369	-0.040007708451926256
329721817.1201719	6.2012611911162505	-0.04094068222587152
314863742.57765996	6.202216250928599	-0.041895407735760774
300675209.3504271	6.203193593172593	-0.04287239174624656
287126046.26309216	6.204193738107303	-0.043872152802346576
274187441.727503	6.205217218166864	-0.044895221501420994
261831882.4764064	6.206264578247384	-0.04594214077129366
250033095.05791178	6.207336376000762	-0.04701346615464836
238765989.96637607	6.208433182135575	-0.04810976609982822
228006608.29087082	6.2095555807252385	-0.04923162225817461
217732070.76781672	6.2107041695235985	-0.05037962978803706
207920529.12941605	6.211879560288173	-0.051554397665594484
198551119.64445788	6.213082379111232	-0.052756549002622846
189603918.75267977	6.2143132667589125	-0.05398672137135285
181059900.69835448	6.215572879018588	-0.05524556713655815
172900897.07301888	6.2168618870547085	-0.056533753795017426
165109558.1812955	6.218180977773334	-0.05785196432249794
157669316.14767602	6.219530854195586	-0.059200897528404565
150564349.68579635	6.2209122358402675	-0.06058126841824496
143779550.45529518	6.222325859115884	-0.06199380856405963
137300490.93472105	6.223772477722335	-0.063439266482966
131113393.7421563	6.225252863062514	-0.06491840802397122
125205102.33833787	6.226767804664124	-0.0664320167632026
119563053.04995899	6.228318110611953	-0.06798089440771243
114175248.35367775	6.229904607990913	-0.0695658612080068
109030231.36400591	6.231528143340162	-0.07118775637945622
104117061.47084323	6.233189583118575	-0.07284743853273833
99425291.07483959	6.234889814181935	-0.07454578611346845
94944943.37111908	6.236629744272137	-0.07628369785117105
90666491.13412808	6.238410302518768	-0.07806209321774131
86580836.45848407	6.240232439953432	-0.07988191289555288
82679291.4127576	6.242097130037147	-0.08174411925535521
78953559.5650375	6.244005369201258	-0.08364969684411357
75395718.3410022	6.245958177402214	-0.08559965288293242
71998202.17697941	6.247956598690653	-0.08759501777520613
68753786.43216833	6.250001701795207	-0.08963684562513673
65655572.02582003	6.252094580721489	-0.09172621476674998
62696970.76670071	6.2542363553667215	-0.0938642283035443
59871691.34364764	6.2564281721504775	-0.09605201465889349
57173725.94742417	6.258671204662064	-0.09829072813732431
54597337.49542688	6.260966654325037	-0.10058154949678011
52137047.43207931	6.2633157510794275	-0.10292568653197433
49787624.078968346	6.265719754082234	-0.10532437466893203
47544071.5099546	6.268179952426748	-0.10777887757080087
45401618.927595064	6.270697665881386	-0.11029048775501261
43355710.518291846	6.273274245648625	-0.11286052722185437
41401995.764592245	6.275911075144733	-0.11549034809450204
39536320.19404038	6.278609570801004	-0.11818133327055164
37754716.54490872	6.281371182887226	-0.1209348970850669
36053396.33002221	6.284197396358155	-0.12375248598514929
34428741.78073912	6.287089731723783	-0.12663557921600646
32877298.153954018	6.290049745944284	-0.1295856895184887
31395766.385767207	6.293079033350465	-0.13260436383802496
29980996.07619748	6.296179226590697	-0.1356931840448748
28629978.790020917	6.299351997605251	-0.1388537676655797
27339841.659490693	6.302599058629097	-0.1420877686254676
26107841.275333118	6.3059221632241815	-0.14539687800203427
24931357.85303179	6.309323107342362	-0.14878282478898106
23807889.661991946	6.312803730420109	-0.15224737667066024
22735047.70574119	6.316365916506262	-0.15579234080662505
21710550.641853128	6.320011595424098	-0.15941956462594364
20732219.93079173	6.323742743969096	-0.16313093663087797
19797975.203360915	6.327561387143819	-0.1669283872094791
18905829.83690757	6.331469599431431	-0.17081388945658885
18053886.73087274	6.335469506109417	-0.1747894600026666
17240334.27270587	6.339563284605198	-0.17885715984980122
16463442.485565456	6.343753165895388	-0.1830190952141795
15721559.349613536	6.348041435950536	-0.1872774183742058
15013107.289081711	6.352430437227334	-0.19163432852337586
14336579.817638759	6.356922570210318	-0.19609207262690856
13690538.334925734	6.361520295005248	-0.2006529462810378
13073609.067447819	6.366226132986462	-0.20531929457374273
12484480.147316355	6.371042668500605	-0.21009351294558404
11921898.822630392	6.375972550629288	-0.21497804804916487
11384668.793565135	6.381018495013372	-0.21997539860560222
10871647.668502763	6.386183285741709	-0.2250881162562244
10381744.534796407	6.391469777307351	-0.2303188064075472
9913917.639001092	6.396880896634379	-0.23567012906738857
9467172.171639709	6.402419645178707	-0.2411447996697744
9040558.151792355	6.408089101106365	-0.24674558988608708
8633168.407011583	6.413892421552972	-0.25247532841967346
8244136.644267535	6.419832844968311	-0.2583369017809039
7872635.607820992	6.425913693550179	-0.26433325503942934
7517875.3201073175	6.4321383757719275	-0.2704673925501044
7179101.40189021	6.438510389008509	-0.2767423786487113
6855593.468113855	6.445033322266095	-0.28316133831317136
6546663.59604153	6.451710859020762	-0.2897274577853975
6251654.8624238875	6.458546780171843	-0.2964439851482632
5969939.946585932	6.465544967115647	-0.30331423085148934
5700919.796462336	6.4727094049450065	-0.3103415681796599
5444022.35474455	6.480044185779762	-0.31752943365528813
5198701.34243066	6.487553512232944	-0.32488132737004555
4964435.097191765	6.495241701017447	-0.33240081323797577
4740725.464084136	6.503113186698766	-0.3400915191657041
4527096.736248783	6.5111725256013715	-0.3479571371358198
4323094.643345635	6.519424399879741	-0.35600142320016165
4128285.3855713676	6.527873621769733	-0.36422819737871537
3942254.7112067984	6.536525138041396	-0.37264134345632965
3764607.035732139	6.545384034678949	-0.38124480866285587
3594964.6006372715	6.554455541816189	-0.3900426032124969
3432966.6701379064	6.563745038953858	-0.3990387996660237
3278268.764089805	6.573258060478027	-0.40823753206678304
3130541.9254697203	6.583000301484594	-0.4176429947909482
2989472.0208654543	6.592977623894812	-0.427259441047502
2854759.0724875797	6.60319606282262	-0.43709118096736804
2726116.6202822607	6.613661833129976	-0.44714257923652556
2603271.112788984	6.624381336086558	-0.4574180522558653
2485961.3254475915	6.635361166040837	-0.4679220648500009
2373937.805117912	6.646608117016287	-0.47865912659446774
2266962.3396306764	6.658129189173525	-0.48963378787979844
2164807.451241766	6.669931595128541	-0.5008506358737079
2067255.9129126854	6.682022766187642	-0.5123142905700757
1974100.2863885525	6.694410358646453	-0.524029401116795
1885142.4810915382	6.707102260395144	-0.5360006425866799
1800193.3328915443	6.720106598163976	-0.5482327132924572
1719072.2018585745	6.733431745819562	-0.5607303326481317
1641606.5881413468	6.747086334170177	-0.5734982394492661
1567631.7651553594	6.761079262746887	-0.5865411902927928
1496990.4293004235	6.775419713987903	-0.5998639576957967
1429532.3654627306	6.790117170162988	-0.6134713273177484
1365114.1275902987	6.805181433234326	-0.6273680935585051
1303598.733662394	6.820622647667193	-0.6415590527110063
1244855.3744044295	6.83645132599013	-0.6560489928061038
1188759.135128866	6.852678376676179	-0.6708426793067136
1135190.7301106462	6.869315133692852	-0.685944835893257
1084036.2489323393	6.886373386868244	-0.701360119730127
1035186.9142595554	6.9038654120623155	-0.7170930908058541
988538.8505316556	6.921804000031172	-0.7331481751843796
943992.8630757676	6.940202482839235	-0.7495296222742689
901454.2271745029	6.959074756714678	-0.766241456496579
860832.4866387862	6.978435300357248	-0.7832874239898178
822041.261457491	6.998299187887939	-0.8006709352119364
784998.0641148523	7.018682095865315	-0.818395004467242
749624.1241850764	7.039600304067406	-0.8364621874870194
715844.2208311312	7.061070690032151	-0.8548745182179931
683586.5228515693	7.08311071764232	-0.8736334459192984
652782.4359352252	7.105738420312607	-0.8927397735388877
623366.4567989926	7.128972379567643	-0.9121935981417644
595276.033898512	7.152831699973724	-0.9319942539072559
568451.4344155745	7.177335981491327	-0.9521402579164269
542835.617239407	7.202505290341527	-0.9726292586318613
518374.11167171923	7.2283601294234305	-0.9934579866498696
495014.90159761196	7.254921409182601	-1.0146222069993285
472708.31487602246	7.2822104196177175	-1.0361166719904902
451406.91771450854	7.310248803833502	-1.0579350733979502
431065.4138037642	7.339058533215216	-1.0800699926085646
411640.54799738515	7.368661883928979	-1.1025128472883643
393091.0143320523	7.3990814140599	-1.125253833129531
375377.3681925604	7.430339940304441	-1.1482818593327198
358461.94243490114	7.462460512752687	-1.1715844766611105
342308.7672890478	7.4954663859476565	-1.1951477971665871
326883.4938711164	7.529380984108254	-1.2189564050282267
312153.32114225626	7.564227858164487	-1.2429932583489263
298086.92615895515	7.600030632089554	-1.2672395822152693
284654.3974664313	7.63681293593301	-1.2916747538247642
271827.1714934882	7.674598322968722	-1.3162761810082317
259577.97181357065	7.713410168474967	-1.3410191760078707
247880.75114286735	7.753271547862754	-1.3658768268973744
236710.63595212135	7.794205092161341	-1.3908198695339786
226043.8735743677	7.836232819253635	-1.4158165633984103
215857.7816961288	7.879375939723127	-1.4408325750931203
206130.70012465582	7.9236546367214356	-1.4658308736185819
196841.94472866112	7.969087819882365	-1.4907716418194201
187971.7634545922	8.015692853984714	-1.5156122085753414
179501.29432492063	8.063485263790083	-1.5403070063959678
171412.52532913143	8.11247841724069	-1.5648075590544854
163688.25612212226	8.162683189980969	-1.589062503754506
156312.06144856883	8.214107614949741	-1.6130176520611392
149268.2562154745	8.266756521558793	-1.6366160934361345
142541.86213864014	8.320631169709714	-1.6597983446950866
136118.57589212406	8.375728884582786	-1.6825025480521751
129984.73869296614	8.432042698737067	-1.7046647196372615
124127.30725649848	8.48956100856651	-1.7262190494681624
118533.82606048118	8.548267252539071	-1.7470982528483034
113192.4008590854	8.608139618881042	-1.7672339720521806
108091.67339039884	8.66915079043531	-1.7865572259788274
103220.79722367559	8.731267734300292	-1.804998904222402
98569.41469496701	8.794451543530379	-1.8224903007600648
94127.63488208993	8.858657337638192	-1.8389636812255625
89886.01257209686	8.923834227879562	-1.8543528765616293
85835.52817652341	8.989925352327383	-1.8685938947667005
81967.56855170491	9.056867984562153	-1.8816255415138878
78273.90868337487	9.124593718445979	-1.8933900396640655
74746.69419660214	9.19302872993287	-1.9038336371583138
71378.42465387231	9.262094115240206	-1.9129071924909642
68161.9376057989	9.33170630301018	-1.9205667269585174
65090.39336054852	9.401777536378425	-1.9267739331680367
62157.260439592996	9.472216419196286	-1.9314966298766403
59356.301688861735	9.542928519080855	-1.9347091541148127
56681.5610157583	9.613817018550256	-1.9363926827017692
54127.35072384094	9.684783404292462	-1.9365354766598903
51688.23941823277	9.755728183660725	-1.935133043635839
49359.04045604408	9.826551616823098	-1.9321882151868646
47134.80091724692	9.897154452642816	-1.9277111376342082
45010.79107254906	9.967438656342726	-1.9217191770589346
42982.49432587187	10.037308117308829	-1.914236740855648
41045.59761004396	10.106669326001356	-1.9052950200048895
39195.98221528928	10.175432009838975	-1.894931657818953
37429.7150310057	10.243509719065514	-1.8831903523096953
35743.04018221051	10.31082035495212	-1.8701204004811738
34132.37104286842	10.37728663417857	-1.855776193736893
32594.28260911828	10.442836484819786	-1.8402166741948567
31125.50421618151	10.507403370981068	-1.8235047620197817
29722.912583463672	10.570926544724088	-1.805706763918228
28383.52517306161	10.633351225455627	-1.7868917727168991
27104.49384755217	10.694628708369692	-1.7671310674836331
25883.09881357663	10.754716404805265	-1.7464975229877189
24716.74283834208	10.813577818480601	-1.7250650364690665
23602.94572674137	10.871182462472735	-1.702907978734589
22539.33904734789	10.92750572251925	-1.6801006755655725
21523.66109606942	10.982528672727852	-1.6567169243409805
20553.752086752655	11.036237850094258	-1.6328295496949992
19627.5495585106	11.088624994363308	-1.6085100009646183
18743.083990007148	11.139686759739387	-1.5838279931723929
17898.47461137274	11.189424404780308	-1.5588511923523944
17091.92540484538	11.237843466517344	-1.5336449451806202
16321.721285632737	11.284953424455637	-1.5082720521258268
15586.224454873618	11.33076735964779	-1.48279258269947
14883.870916944335	11.375301613520694	-1.4572637308559597
14213.167153703595	11.418575450592312	-1.4317397081750376
13572.686948604116	11.460610728659343	-1.40627167214193
12961.068353917582	11.50143157948412	-1.3809076866207026
12377.010794623857	11.54106410247275	-1.355692711483067
11819.272302806181	11.579536073327088	-1.3306686182986776
11286.666876671068	11.616876669178229	-1.3058742290031826
10778.061958577488	11.653116211274646	-1.2813453745263097
10292.37602671213	11.688285925907204	-1.257114970473604
9828.57629528972	11.722417723907956	-1.2332131071023866
9385.67651838792	11.75554399875989	-1.2096671510060815
8962.734892746934	11.787697443099441	-1.1865018561129896
8558.85205507391	11.818910883181136	-1.1637394818089084
8173.169169593918	11.849217130700676	-1.1413999162015838
7804.866101780478	11.878648851236672	-1.1195008027535787
7453.159674382292	11.907238448467913	-1.0980576687147614
7117.302002037697	11.93501796324945	-1.0770840539828381
6796.578900935462	11.962018986582546	-1.056591639207673
6490.308370140246	11.988272585487966	-1.036590372130858
6197.839141353113	12.013809240784912	-1.017088591314726
5918.549294023551	12.038658795786645	-0.9980931465642404
5651.844932867859	12.062850414945176	-0.9796095154805267
5397.158924981825	12.086412551508994	-0.9616419157064685
5153.949693862209	12.109372923297048	-0.9441934125329361
4921.700067772555	12.131758495737406	-0.9272660216295588
4699.916180004536	12.153595471367986	-0.9108608067472321
4488.126418696108	12.174909285048503	-0.8949779723112755
4285.880423973543	12.195724604185479	-0.8796169508857252
4092.748130284649	12.216065333325329	-0.8647764855409575
3908.3188518868237	12.235954622522854	-0.850454707200082
3732.2004095452544	12.25541487894359	-0.8366492070750068
3564.0182965842364	12.274467781207727	-0.8233571043314747
3403.414882518304	12.293134296030345	-0.8105751091449072
3250.048652569623	12.311434696757205	-0.7982995813258569
3103.5934814546704	12.329388583437325	-0.7865265847063395
2963.7379398958333	12.347014904112568	-0.7752519374867671
2830.1846323833015	12.36433197704081	-0.7644712587481912
2702.6495647790402	12.381357513602817	-0.7541800113367597
2580.8615404180714	12.398108641673629	-0.7443735413270088
2464.561583422941	12.414601929267505	-0.735047114268412
2353.5023880050003	12.430853408290968	-0.7261959484157279
2247.447792581575	12.446878598261755	-0.7178152451385683
2146.1722775906787	12.46269252987234	-0.7099002166994967
2049.4604859354376	12.478309768295567	-0.7024461115829773
1957.1067650384618	12.493744436146617	-0.6954482375501397
1868.9147295323685	12.509010236030694	-0.6889019825864099
1784.6968436565649	12.524120472618968	-0.6828028339010125
1704.274022472217	12.53908807420716	-0.6771463951291792
1627.4752510474898	12.553925613721448	-0.6719284018797345
1554.1372208032167	12.568645329145548	-0.6671447357626408
1484.1039822457285	12.583259143350585	-0.6627914370231383
1417.2266133483952	12.597778683316323	-0.6588647159013857
1353.362902876705	12.612215298738288	-0.6553609628290755
1292.3770479835096	12.626580080020272	-0.65227675756723
1234.1393654313383	12.640883875656115	-0.6496088773825264
1178.5260158277747	12.655137309008317	-0.6473543043529398
1125.4187402874488	12.66935079449404	-0.6455102318871746
1074.7046089606897	12.683534553191642	-0.6440740705364981
1026.275780894094	12.697698627882911	-0.6430434531719749
980.0292747123644	12.711852897547857	-0.6424162395948032
935.8667496337996	12.7260070913302	-0.6421905206425748
893.6942963537402	12.740170801992702	-0.6423646218495637
853.4222373513435	12.754353498882208	-0.6429371067148972
814.9649361950129	12.768564540424745	-0.6439067796283765
778.2406154409961	12.782813186171296	-0.6452726884999158
743.171182737919	12.797108608415094	-0.6470341271351797
709.6820647674746	12.811459903401069	-0.6491906373966214
677.7020486681597	12.825876102148131	-0.6517420111862178
647.163130604833	12.840366180904576	-0.6546882922833732
618.0003711621146	12.854939071256652	-0.6580297780689002
590.151757254107	12.869603669909901	-0.6617670211636368
563.5580702568049	12.884368848162424	-0.6659008310080778
538.1627600827815	12.899243461088723	-0.6704322754074115
513.911824930378	12.914236356452253	-0.6753626820645061
490.75369645169553	12.929356383364276	-0.6806936401217312
468.63913009518814	12.944612400705978	-0.6864270017309979
447.5211003896981	12.960013285330316	-0.6925648836699362
427.35470094724514	12.975567940059385	-0.6991096690209848
408.09704897193603	12.991285301492592	-0.7060640089289109
389.70719407193724	13.007174347640287	-0.7134308244513158
372.1460311806032	13.023244105396993	-0.7212133085157537
355.3762174015961	13.039503657867652	-0.7294149279962221
339.3620926011611	13.055962151560049	-0.738039425921093
324.0696035787167	13.072628803455714	-0.7470908238238563
309.4662316544993	13.089512907971283	-0.7565734242475314
295.52092352028876	13.10662384382179	-0.7664918134130208
282.2040252061687	13.123971080796718	-0.7768508640613332
269.48721902290674	13.141564186459384	-0.7876557384791738
257.34346334586866	13.159412832779598	-0.798911891717158
245.7469351124113	13.177526802709238	-0.8106250750095776
234.6729749104902	13.195915996709804	-0.8228013394045363
224.09803454170614	13.214590439240832	-0.8354470396130922
213.9996269472903	13.233560285217457	-0.8485688380859386
204.356278390547	13.252835826445168	-0.8621737093261492
195.14748279407516	13.27242749803941	-0.8762689444464867
186.35365813466225	13.292345884837356	-0.8908621559797867
177.95610480313573	13.312601727808849	-0.9059612829511101
169.93696584061976	13.333205930473202	-0.9215745962203163
162.27918896664397	13.354169565328242	-0.9377107041040507
154.96649031835923	13.375503880297773	-0.9543785582861704
147.9833198237527	13.397220305203174	-0.9715874600259891
141.31482813523263	13.419330458264865	-0.9893470666738758
134.94683505326378	13.441846152638842	-1.0076673985041869
128.8657993729145	13.464779402993427	-1.0265588458756598
123.05879008919085	13.488142432131099	-1.04603217672994
117.51345889992942	13.511947677659949	-1.0660985444392181
112.21801394777715	13.536207798719246	-1.0867694960143968
107.16119474542201	13.56093568276323	-1.1080569806857468
102.33224823075524	13.586144452407122	-1.129973358868407
97.72090590104469	13.611847472339115	-1.1525314115257506
93.31736197750078	13.63805835630183	-1.1757443499441227
89.1122525537985	13.664790974146698	-1.1996258259331127
85.09663568422107	13.69205945896423	-1.22418994246618
81.26197236907802	13.719878214293253	-1.249451264777127
77.6001083969671	13.7482619214117	-1.275424831928709
74.1032570052716	13.7772255467115	-1.3021261688702803
70.7639823220135	13.80678434915987	-1.3295712990024735
67.5751835538623	13.836953887848942	-1.3577767572674568
64.53007988666616	13.867750029635685	-1.3867596037845122
61.62219606640659	13.899188956873564	-1.4165374380513853
58.84534862990779	13.93128717523734	-1.4471284137331084
56.193632756024286	13.964061521642023	-1.4785512540608479
53.66140970934863	13.997529172256776	-1.5108252678645795
51.24329484973294	14.031707650614255	-1.5439703662645763
48.9341461821345	14.066614835815558	-1.5780070800477954
46.729053422429914	14.102268970830647	-1.612956577756771
44.6233275559537	14.138688670893744	-1.6488406845197512
42.61249086655264	14.175892931992863	-1.6856819016524636
40.69226741495559	14.21390113945219	-1.7235034270632856
38.858573946213035	14.2527330766057	-1.7623291764951499
37.107511206867166	14.29240893355988	-1.8021838056393542
35.43535565339424	14.332949316042868	-1.8430927331579947
33.83855153428233	14.374375254336965	-1.8850821646539146
32.313703328912425	14.416708212290413	-1.9281791176287801
30.857568527160538	14.459970096404101	-1.972411447472279
29.467050734368804	14.504183264988137	-2.017807874527239
28.13919308702476	14.549370537382885	-2.064398012277414
26.871171965144406	14.595555203239488	-2.112212396706473
25.66029098799251	14.642761031854612	-2.1612825168782517
24.503975280369346	14.691012281554041	-2.2116408467909174
23.399765997272674	14.740333709117365	-2.263320878561288
22.34531509529288	14.790750579231075	-2.316357157001825
21.33838033962042	14.842288673949207	-2.3707853156616654
20.37682053605131	14.89497430213032	-2.4266421144131907
19.458590977848637	14.948834308811158	-2.4839654786747034
18.581739097781046	15.00389608447658	-2.542794540361647
17.744400316090143	15.060187574200642	-2.6031696806489775
16.944794075558754	15.117737286669932	-2.6651325746000625
16.18122005524943	15.1765743031591	-2.728726237674544
15.452054554860174	15.236728286599455	-2.7939950740766974
14.755747042011013	15.298229490942607	-2.86098492686525
14.090816855117303	15.361108771038538	-2.929743129742648
13.455850054840598	15.425397593180271	-3.000318560505513
12.849496417420237	15.49112804628037	-3.0727616962941475
12.270466563492837	15.558332853321598	-3.147124671033785
11.71752921629475	15.62704556458435	-3.2234615681569863
11.189508583415867	15.697300028197752	-3.3018278008415898
10.685281856538824	15.769130923092066	-3.382280876440249
10.203776823845336	15.84257340192683	-3.4648799100673244
9.743969590014057	15.917663642416716	-3.5496865865586247
9.304882398960455	15.99443827573789	-3.6367644360852713
8.88558155468944	16.072934133343914	-3.72617861990064
8.485175435839816	16.153188903163855	-3.8179970443121922
8.102812599697707	16.235240938731373	-3.9122900710215083
7.737679971648333	16.31912899292919	-4.009130547845327
7.389001116215025	16.404892565820397	-4.108594156397393
7.056034586009917	16.492571676954785	-4.210759449873631
6.738072345084688	16.58220732003997	-4.315708123430193
6.434438263328981	16.673841315486328	-4.4235250623993245
6.1444866787152135	16.76751699692781	-4.534298937622288
5.867601024331754	16.86327846754051	-4.648120938333149
5.603192517285772	16.96117225009777	-4.765086664647427
5.350698906686949	17.06124611226426	-4.885294003132004
5.109583278050472	17.1635499637623	-5.008844141649437
4.87933291157633	17.26813579529696	-5.13584071041698
4.65945819187736	17.375057237617384	-5.266389326607825
4.449491566837824	17.48437020792782	-5.400598127756332
4.248986553388079	17.596131011094194	-5.538575576474479
4.057516788081781	17.71039619751698	-5.6804306291870565
3.874675120456128	17.827222756773352	-5.82627429117438
3.7000727472477726	17.94666497351145	-5.97621691157749
3.533338385622916	18.068774319132352	-6.130369954009801
3.3741174836637042	18.193597214387687	-6.288845274704984
3.2220714664321783	18.321174610715907	-6.451758557191331
3.076877016008227	18.451539394163547	-6.6192284467549465
2.938225383971012	18.584714785116212	-6.791378330895079
2.8058217348614636	18.72071356036232	-6.968338934030051
2.6793845192301498	18.859538186376312	-7.150253441925948
2.55864487493703	19.00117820455668	-7.337276254765119
2.443346055430116	19.14561166020479	-7.529579108130756
2.3332428837874017	19.292806011231903	-7.727354475808011
2.228101231360854	19.442718239396545	-7.930817685786215
2.1276975199141424	19.59529802290783	-8.140212072968833
2.0318182461951086	19.750489485793494	-8.355810778512396
1.9402595279323134	19.90823495776737	-8.57792091902242
1.852826670289994	20.06847860922523	-8.806885531592554
1.7693337518596393	20.231170955198117	-9.043085628136026
1.689603229307869	20.39627315948136	-9.286941308085147
1.613465559839744	20.563761942608302	-9.53891180810329
1.5407588406749178	20.733635421626808	-9.79949637902677
1.4713284647697693	20.905916750678486	-10.06923290103198
1.4050267920536406	21.080659371999538	-10.348694726417147
1.3417128354799117	21.25795176843409	-10.63849068374304
1.2812519612243878	21.437919918335183	-10.93925931424307
1.2235156023935385	21.620732017660536	-11.251668310271327
1.1683809856336655	21.806599815699762	-11.576408986197631
1.1157308700598152	21.99578053965047	-11.91419130525437
1.0654532979491154	22.188578910345633	-12.265744290638736
1.0174413566685556	22.385346084201075	-12.631807564468978
0.9715929513308378	22.58648046800098	-13.013130795481283
0.9278105876949145	22.792427137593002	-13.41047193224578
0.8860011648496033	23.00367687540796	-13.824594071561709
0.8460757772393261	23.220763737847257	-14.25626208499786
0.8079495256111154	23.444265955252312	-14.706244906546631
0.7715413364807557	23.67480559248601	-15.175318429029655
0.7367737897342744	23.913046920223366	-15.66425951748214
0.7035729539980996	24.159698046972167	-16.173852845032734
0.6718682294278445	24.41551382497826	-16.70489118511377
0.6415921975814435	24.68129803716302	-17.258180224718163
0.612680478057331	24.957906651857574	-17.83453609574649
0.5850715915928995	25.24625687228363	-18.434789978444496
0.5587068293320355	25.54733106197228	-19.059787587963687
0.5335301279838188	25.862187217813855	-19.71039145830246
0.5094879506068526	26.191970185898562	-20.38748010144502
0.48652917276574525	26.537918190640596	-21.09193732551299
0.4646049738176823	26.901380202064257	-21.82465323805631
0.44366873309786065	27.283824143722107	-22.586518164564048
0.4236759307830939	27.686850842079053	-23.3784093705793
0.40458405322271696	28.112205157487743	-24.201176227449125
0.38635250253553927	28.56178944059696	-25.055628653017074
0.368942510280564	29.037672152125914	-25.942513613902257
0.352317055017917	29.542094394376857	-26.862504227721416
0.33644078358469803	30.077482065696266	-27.81616189903321
0.3212799359183131	30.646443715871264	-28.803928502921416
0.30680227326747456	31.251779903752034	-29.82607292502357
0.29297700963816836	31.89647176330723	-30.882694270001664
0.2797747463288539	32.58368288253536	-31.973661877149766
0.26716740941565514	33.31674896913293	-33.09859137312574
0.25512819005462384	34.09916212817792	-34.25681416732494
0.24363148747413962	34.934554104607194	-35.44733619479896
0.23265285453619697	35.82666992720391	-36.66880834052464
0.2221689457508501	36.77934190258431	-37.91948434510783
0.21215746763323948	37.796449065982074	-39.19720812119286
0.20259713129766618	38.88188411518087	-40.49934510070762
0.1934676071878848	40.03949588376818	-41.8227872672941
0.18474948184736076	41.273042576024025	-43.16390591361173
0.1764242166375738	42.586119860368214	-44.518564666285236
0.16847410831656462	43.98210209268515	-45.882067855201676
0.16088225139392065	45.46406560670317	-47.24917823457538
0.15363250218212737	47.03470584919103	-48.614137726196525
0.14670944446786421	48.696261740436185	-49.970650848838076
0.14009835673022936	50.45043271494734	-51.31194000079064
0.13378518083619226	52.298288515618	-52.63078391011239
0.12775649214671156	54.240180701091646	-53.919584840683335
0.1219994709699362	56.27568816654526	-55.170423388000906
0.11650187530080425	58.40353239571292	-56.37515696339081
0.11125201478905385	60.62151242920012	-57.52555407470883
0.10623872588030704	62.9264799382548	-58.613340557507186
0.10145134807735248	65.31430900326583	-59.63039913407667
0.09687970127115329	67.77988010416931	-60.56887037708698
0.09251406409337949	70.3171011522521	-61.42127797688282
0.08834515324442231	72.91894428278161	-62.18069995028883
0.08436410375294526	75.57751295588366	-62.84087768751705
0.08056245012498221	78.28410795934437	-63.396382865474635
0.0769321083425089	81.02935855908741	-63.84268469721509
0.07346535867319934	83.80332794922141	-64.17623287837849
0.07015482925481713	86.595655077083	-64.39462177102851
0.0669934804193372	89.39571022091052	-64.49656809166646
0.06397458972345693	92.19275263906985	-64.48197759694644
0.06109173765367345	94.9760850387627	-64.35190439346738
0.05833879397552116	97.73522892423897	-64.10854000572499
0.055709904697949876	100.46005776609672	-63.755274673508104
0.05319947962511759	103.14094148705968	-63.296433650609465
0.050802180469130126	105.76888249851751	-62.737335724546604
0.04851290949845211	108.33560402045588	-62.08412458616708
0.04632679869784523	110.83365416565947	-61.34369566548515
0.04423919941678947	113.25646680457618	-60.52349850574673
0.04224567248436891	115.5983990699695	-59.63149589891591
0.04034197876960776	117.85474829089824	-58.675919268586014
0.038524070167178966	120.02177783188144	-57.665247614970966
0.036788080989319114	122.09669503921434	-56.60806519528161
0.03513031974564622	124.07756601166847	-55.512826339021274
0.03354726129339691	125.96333882218636	-54.38792403243432
0.032035539341395455	127.75373965665045	-53.24150122851656
0.030591939291810182	129.44927459400108	-52.08145131798899
0.0292133914044799	131.05103850636218	-50.91522717820026
0.027896964269271237	132.56069978579364	-49.74988975802538
0.026639858572587678	133.9804572446111	-48.59206650700094
0.025439401144776077	135.31290002108372	-47.44789728642694
0.02429303927577004	136.5609909915641	-46.323073929081424
0.02319833528688605	137.72792584021792	-45.222755368445576
0.022152961347226142	138.81710950031368	-44.15163965145172
0.0211546945236677	139.83214527054656	-43.11401271736321
0.020201412053911877	140.7766443129948	-42.1136392522682
0.01929108683254011	141.65429284977927	-41.15389450783141
0.01842178310048085	142.4687910667745	-40.237796131978
0.017591652328718264	143.22379539827364	-39.36798704900578
0.01679892928749238	143.92288230702488	-38.546762750005044
0.016041928292629556	144.56953316506292	-37.77614054459537
0.015319039621023546	145.1671634252121	-37.05790429464085
0.014628726087643117	145.71899155056255	-36.393560914322926
0.013969519776788134	146.22816585915686	-35.78445881268804
0.013340018920643857	146.69763573986535	-35.23174727643309
0.012738884918494384	147.13018913490345	-34.73643453482214
0.012164839490258527	147.5285729796392	-34.299464505445236
0.011616661958293518	147.89526838934424	-33.92164587526281
0.01109318665168807	148.23261738466596	-33.60370339114166
0.010593300427523858	148.54287412125083	-33.34637869301487
0.010115940303835082	148.82809574387147	-33.15033411198555
0.0096600911992331	149.0902613146932	-33.016259949065564
0.009224783774388486	149.33112402969797	-32.94480461376794
0.008809092370781839	149.55241269017267	-32.93669919708766
0.008412133042339114	149.7556452664404	-32.992658219760216
0.008033061675766338	149.94227782184078	-33.11347271701064
0.007671072195586989	150.11367888922143	-33.30000526623058
0.00732539485006429	150.2710738066404	-33.553166835564596
0.006995294574364578	150.41559571257577	-33.873949861992315
0.006680069427480054	150.5483277845945	-34.26345830941464
0.006379049099588074	150.67021632674994	-34.722850027999044
0.0060915934866722	150.78221656850414	-35.253467433135384
0.0058170913293743454	150.8851003266684	-35.85666403014436
0.0055549589131838354	150.97965538519523	-36.53400116645362
0.005304638827198761	151.06660050471436	-37.28713214518113
0.005065598778820981	151.14658064200717	-38.11785575418026
0.0048373304618635135	151.2201750657827	-39.028087963266145
0.004619348475664109	151.28792416313405	-40.019903508552915
0.004411189292906011	151.350400648042	-41.09560292719519
0.004212410273951253	151.40800609050848	-42.25751905732156
0.004022588725590703	151.4612132103128	-43.50828869583019
0.0038413210022088693	151.51041093700815	-44.85062995328399
0.003668221647452707	151.55591333125682	-46.287409655460706
0.003502922574578667	151.59812059295322	-47.82185261662841
0.0033450722837355578	151.63732630113049	-49.457227119146054
0.003194335114518409	151.67381316688952	-51.19708865559775
0.0030503905322041007	151.70784126967408	-53.04514172053762
0.0029129324461510974	151.7396505862311	-55.00535306017839
0.002781668558913571	151.7694961690047	-57.08197461214579
0.0026563197446862353	151.79753938383388	-59.27935057627068
0.002536619455757797	151.8240322768392	-61.60225045282964
0.0024223131557112366	151.84911579442124	-64.05564222961794
0.0023131577781653695	151.87299337590056	-66.64470865322997
0.0022089212099068428	151.8957871893828	-69.37497037730525
0.0021093817973135694	151.9176749853413	-72.25225628723291
0.002014327875019795	151.9387756784306	-75.28265825985476
0.0019235573158208174	151.95922103298983	-78.4726464902617
0.0018368771008599634	151.97915649175667	-81.8290324520748
0.001754102909184126	151.9986979724581	-85.35883021776021
0.001675058725794849	152.01792269920674	-89.06969035124996
0.0015995764673616011	152.0369970990738	-92.96938787961746
0.0015274956248013942	152.0559840274738	-97.0663644141588
0.0014586629219645413	152.07504545206402	-101.36912776228174
0.0013929319897009766	152.09422135303709	-105.88691967965751
0.0013301630546138467	152.11366738442973	-110.6293038847586
0.00127022264183872	152.133483063864	-115.60636610700482
0.0012129832912162349	152.15375846843287	-120.82871815098268
0.001158323286254708	152.17465545516092	-126.3074051538724
0.0011061263953064037	152.1963145322407	-132.05396540754978
0.0010562816244069622	152.2187152550943	-138.08079633233928
0.0010086829812525637	152.24217601921714	-144.4004598679832
0.0009632292498127922	152.26669326632674	-151.02656760828606
0.0009198237751000583	152.29247195640488	-157.9730872308845
0.0008783742576377997	152.31966658057758	-165.25475438663716
0.0008387925571904514	152.34839004625624	-172.88705338030044
0.0008009945053378603	152.37883071012863	-180.8861058780742
0.0007648997264955041	152.41110449350086	-189.26888085683325
0.0007304314670000335	152.44565313785606	-198.0530932732895
0.0006975164318965864	152.48257260586558	-207.25734992181384
0.000666084629080914	152.5219174533512	-216.90127264023593
0.0006360692204648147	152.56407727723345	-227.00531111618278
0.0006074063798484195	152.6091141177837	-237.59049673196893
0.0005800351571971289	152.65765375790357	-248.679658366409
0.000553897349034524	152.70973324710275	-260.2960663469397
0.0005289373746757314	152.76564960407	-272.46429204152093
0.0005051021580379793	152.82597347662463	-285.2099454676034
0.0004823410147770932	152.89036531522257	-298.5600985142736
0.00046060554450987615	152.96020673347624	-312.5432349570249
0.0004398495278932149	153.03507904552265	-327.188340538643
0.0004200288283410721	153.11595151005443	-342.52694863695564
0.000401101298170325	153.20280692499455	-358.5908896245561
0.0003830266889759313	153.29638539641172	-375.41436434736494
0.00036576656604478256	153.39705178369746	-393.0330916426264
0.0003492842266263046	153.50579806880583	-411.4841020959807
0.00033354462188596874	153.62235677530373	-430.8064626543504
0.0003185142823757705	153.7482195140021	-451.0401079796207
0.0003041612468632049	153.8836932197106	-472.2290967506814
0.0002904549943673631	154.0301256203955	-494.4172914729619
0.00027736637925766924	154.1866244639563	-517.6512075379351
0.00026486756927720904	154.35596999106735	-541.9804780710637
0.00025293198635889584	154.53751772411704	-567.4556715652183
0.00024153425010859465	154.73312556815705	-594.131395527062
0.00023065012383503584	154.94465116268304	-622.0626300039787
0.000220256463011763	155.1713272626394	-651.3104692027966
0.00021033116606149763	155.41507244325072	-681.9327728778786
0.00020085312735829613	155.67667855895587	-713.9977139465462
0.00019180219234753057	155.95926912713685	-747.5703591725545
0.0001831591146882862	156.26287626910567	-782.7205581944961
0.0001749055153270193	156.58766198674903	-819.526061261645
0.00016702384341545708	156.93773909255142	-858.0597823416745
0.0001594973389896398	157.3149046278704	-898.4054909188661
0.00015230999733072665	157.71724604466303	-940.6491691786653
0.00014544653493180163	158.1528879238333	-984.8757418966679
0.0001388923569982888	158.6189129634247	-1031.1778473140268
0.00013263352641288776	159.12050479402149	-1079.6582915883673
0.00012665673409901883	159.66031894762042	-1130.4161634998175
0.00012094927071976522	160.23713569778573	-1183.555857670769
0.0001154989996521349	160.85720166276764	-1239.186187665184
0.00011029433117916113	161.5257339931755	-1297.4277588881673
0.00010532419784497822	162.24102620258446	-1358.407435010563
0.00010057803092045043	163.00833114259981	-1422.2465755920657
9.604573792932431e-05	163.83298691948013	-1489.0758948620382
9.171768118710325e-05	164.71841873272166	-1559.0414613063151
8.75846573070133e-05	165.66646460866394	-1632.2876298550561
8.363787762948422e-05	166.6814313145488	-1708.968778271197
7.986894953352069e-05	167.77585716119518	-1789.2442225459104
7.626985859023451e-05	168.94683900205234	-1873.2750677261404
7.283295152057728e-05	170.20687715650973	-1961.2391138537987
6.955091992104414e-05	171.55518074582693	-2053.335986373675
6.641678472273414e-05	173.00060904832367	-2149.748846302963
6.342388135072377e-05	174.54260319670016	-2250.6583452162363
6.056584555219804e-05	176.22002315136623	-2356.3022589905877
5.783659986319699e-05	178.0082724533066	-2466.87694211289
5.523034068520774e-05	179.9161529228969	-2582.6389753236904
5.274152594411325e-05	181.95484190364678	-2703.8060751563307
5.036486330526259e-05	184.14496462883025	-2830.655391261814
4.8095298919596804e-05	186.51129876111617	-2963.436545391529
4.5928006676902064e-05	189.01597388520346	-3102.4181119042546
4.3858377943339594e-05	191.75034899109014	-3247.9005189805953
4.188201176142481e-05	194.60879085691133	-3400.155374210125
3.999470549162236e-05	197.7477557816502	-3559.548308413725
3.8192445875651135e-05	201.06912386724989	-3726.3590112924753
3.647140050250115e-05	204.62959101459313	-3900.976085909637
3.4827909659011044e-05	208.46892409636285	-4083.709958297906
3.325847854767862e-05	212.55645547944778	-4275.05051507007
3.1759769855157385e-05	216.9494026384412	-4475.228266484534
3.0328596655632753e-05	221.64374268997378	-4684.820870479999
2.8961915633991736e-05	226.67753650743623	-4904.1475627414
2.7656820614371134e-05	232.1060401833038	-5133.662025209003
2.6410536380327144e-05	237.87647133762093	-5373.905552983664
2.5220412773482013e-05	244.05288740314762	-5625.361006556277
2.4083919058100294e-05	250.6580184954838	-5888.537056449206
2.2998638539612108e-05	257.7383375434341	-6163.822998613035
2.1962263425637468e-05	265.4230230350777	-6452.0003963731115
2.097258991858699e-05	273.6119567744676	-6753.6346202709765
2.0027513529400623e-05	282.32670070090523	-7069.297712441513
1.912502460246211e-05	291.6290056308378	-7399.717586794989
1.8263204042170934e-05	301.59157466402917	-7745.232413727148
1.7440219232085464e-05	312.50266280961495	-8106.925138839175
1.6654320137960277e-05	323.8486801792787	-8485.393627855012
1.5903835586389086e-05	335.96544941063746	-8881.441745376931
1.5187169711142257e-05	349.02711226530744	-9295.965742482278
1.4502798559640054e-05	363.2059154949943	-9729.56170579715
1.3849266852347447e-05	378.4983617243068	-10183.259082666189
1.3225184888197945e-05	394.5442107857715	-10658.308942634872
1.2629225589466646e-05	411.5444160850812	-11154.892219501196
1.2060121679809107e-05	430.30728981716504	-11674.715328143137
1.1516662989463908e-05	449.8027145002609	-12218.412213579672
1.0997693881890226e-05	471.34785380338633	-12787.471520447216
1.0502110796366658e-05	493.731865268796	-13382.822457288647
1.002885990132727e-05	517.7031979909087	-14005.664347418031
9.576934853443624e-06	544.054601262131	-14657.055820636753
9.145374657688108e-06	571.5701271561319	-15338.143490796301
8.733261623828437e-06	601.2852192362068	-16050.970808448796
8.339719415006967e-06	632.666742641995	-16797.575876882904
7.96391118425639e-06	666.5505781926522	-17577.52352339557
7.605037794988069e-06	703.0772670485641	-18394.270733014633
7.262336121670012e-06	742.292656380227	-19247.82469575027
6.935077427080163e-06	784.0403921862182	-20140.44772220699
6.622565812684644e-06	828.6949631297729	-21074.379261562914
6.324136738846051e-06	875.389898312285	-22052.424551549368
6.039155611714369e-06	926.1545380977332	-23073.83604246717
5.767016433796488e-06	982.3749987789453	-24141.785863726134
5.507140515333956e-06	1038.6186573769276	-25259.65296454486
5.258975243749586e-06	1101.8719503872405	-26428.880922386863
5.021992908545572e-06	1167.1662987513232	-27651.28675183114
4.795689579154599e-06	1239.069893093827	-28929.517063699037
4.579584033357941e-06	1315.148183841798	-30267.797252815686
4.373216733991366e-06	1395.3445167706964	-31662.901479974335
4.176148851763475e-06	1485.8206551790413	-33125.78446646393
3.987961332108059e-06	1577.8273063050121	-34654.35625716663
3.8082540040863864e-06	1678.0849466423733	-36249.41222442734
3.636644729444704e-06	1781.79733081057	-37920.22945731433
3.472768590017057e-06	1895.2268862839449	-39665.861828437286
3.316277111745975e-06	2014.7013121517643	-41493.98590369377
3.1668375236704628e-06	2147.055067768793	-43401.24647654533
3.0241320503060165e-06	2281.1016948864053	-45398.70122050352
2.8878572359115967e-06	2433.050147304385	-47482.45434457276
2.7577232992068e-06	2593.59396526487	-49662.0586785444
2.6334535171671748e-06	2765.941857046262	-51940.13768541756
2.5147836365870573e-06	2935.9477667635074	-54324.30049230857
2.4014613121590127e-06	3132.4214092699067	-56807.51188132649
2.2932455698746233e-06	3334.9044218884915	-59412.98875601616
2.1899062946059082e-06	3555.820825060156	-62131.16186099284
2.0912237407774824e-06	3796.747874954234	-64966.749301787604
1.9969880650890337e-06	4044.2587120660137	-67942.95381461507
1.9069988802945596e-06	4309.228213984831	-71034.41131236897
1.8210648290892781e-06	4607.617936742537	-74278.22530859573
1.739003177198371e-06	4901.626228728846	-77667.260880316
1.660639424802025e-06	5218.988204808635	-81191.26491565307
1.5858069354707233e-06	5579.939561842429	-84891.93890355632
1.5143465818215537e-06	5933.782890361176	-88753.9509193838
1.446106407142114e-06	6333.341660430588	-92790.56414035163
1.3809413022625399e-06	6760.56159026993	-96980.49219292069
1.3187126969883789e-06	7222.023703088082	-101387.45768306445
1.2592882654383506e-06	7678.888948736183	-105992.33649754657
1.202541644660223e-06	8212.081954780175	-110747.97850717342
1.1483521659266262e-06	8743.88877275266	-115775.44562653323
1.0966045981392852e-06	9363.192525175169	-121004.34274872007
1.0471889027960908e-06	9952.380006184692	-126424.71020097457
1e-06	10622.745921307862	-132172.6349872805
