10000000000.0	5.437712274883798e-05	-5.437712274884538e-05
7940000000.0	6.102474493400033e-05	-6.102474493400774e-05
6310000000.0	6.845442777614203e-05	-6.845442777614943e-05
5010000000.0	7.682407876914246e-05	-7.682407876914985e-05
3980000000.0	8.619353411201925e-05	-8.619353411202664e-05
3160000000.0	9.673256030375426e-05	-9.673256030376163e-05
2510000000.0	0.00010853738736466157	-0.000108537387364669
2000000000.0	0.0001215909428872611	-0.0001215909428872685
1580000000.0	0.00013680049870464558	-0.000136800498704653
1260000000.0	0.0001531901888369309	-0.0001531901888369383
1000000000.0	0.00017195556049290017	-0.00017195556049290757
794000000.0	0.00019297718762227882	-0.00019297718762228622
631000000.0	0.0002164719076961198	-0.00021647190769612723
501000000.0	0.00024293906805469102	-0.0002429390680546985
398000000.0	0.00027256788737341556	-0.0002725678873734231
316000000.0	0.0003058952144594686	-0.00030589521445947604
251000000.0	0.00034322535535632684	-0.00034322535535633426
200000000.0	0.0003845043223712109	-0.0003845043223712183
158000000.0	0.00043260116095361	-0.00043260116095361736
126000000.0	0.000484429911916018	-0.00048442991191602553
100000000.0	0.0005437712274884463	-0.000543771227488454
79400000.0	0.00061024744934007	-0.0006102474493400774
63100000.0	0.0006845442777614871	-0.0006845442777614945
50100000.0	0.0007682407876914912	-0.0007682407876914985
39800000.0	0.0008619353411202592	-0.0008619353411202668
31600000.0	0.0009673256030376089	-0.0009673256030376162
25100000.0	0.0010853738736466823	-0.0010853738736466897
20000000.0	0.0012159094288726776	-0.001215909428872685
15800000.0	0.0013680049870465223	-0.0013680049870465302
12600000.0	0.0015319018883693757	-0.001531901888369383
10000000.0	0.0017195556049290682	-0.0017195556049290751
7940000.0	0.0019297718762228539	-0.0019297718762228617
6310000.0	0.002164719076961265	-0.0021647190769612723
5010000.0	0.0024293906805469773	-0.0024293906805469847
3980000.0	0.002725678873734222	-0.0027256788737342304
3160000.0	0.0030589521445947535	-0.003058952144594761
2510000.0	0.0034322535535633372	-0.003432253553563344
2000000.0	0.003845043223712178	-0.003845043223712186
1580000.0	0.004326011609536167	-0.004326011609536175
1260000.0	0.004844299119160246	-0.0048442991191602535
1000000.0	0.005437712274884532	-0.005437712274884538
794000.0	0.0061024744934007665	-0.006102474493400775
631000.0	0.006845442777614938	-0.006845442777614946
501000.0	0.00768240787691498	-0.0076824078769149855
398000.0	0.008619353411202657	-0.008619353411202665
316000.0	0.009673256030376155	-0.009673256030376162
251000.0	0.01085373873646689	-0.010853738736466898
200000.0	0.012159094288726845	-0.012159094288726855
158000.0	0.013680049870465292	-0.013680049870465297
126000.0	0.015319018883693821	-0.015319018883693832
100000.0	0.01719555604929075	-0.017195556049290753
79400.0	0.01929771876222861	-0.019297718762228615
63100.0	0.021647190769612714	-0.02164719076961272
50100.0	0.02429390680546983	-0.02429390680546984
39800.0	0.027256788737342295	-0.02725678873734231
31600.0	0.03058952144594759	-0.030589521445947607
25100.0	0.03432253553563343	-0.034322535535633435
20000.0	0.03845043223712184	-0.03845043223712184
15800.0	0.04326011609536174	-0.04326011609536175
12600.0	0.048442991191602516	-0.048442991191602544
10000.0	0.054377122748845354	-0.05437712274884538
7940.0	0.061024744934007745	-0.06102474493400776
6310.0	0.06845442777614943	-0.06845442777614946
5010.0	0.07682407876914985	-0.07682407876914986
3980.0	0.08619353411202664	-0.08619353411202665
3160.0	0.09673256030376165	-0.09673256030376162
2510.0	0.10853738736466892	-0.10853738736466889
2000.0	0.12159094288726854	-0.12159094288726847
1580.0	0.13680049870465297	-0.136800498704653
1260.0	0.1531901888369383	-0.15319018883693836
1000.0	0.17195556049290753	-0.1719555604929075
794.0	0.1929771876222862	-0.19297718762228613
631.0	0.2164719076961271	-0.2164719076961272
501.0	0.24293906805469842	-0.24293906805469842
398.0	0.272567887373423	-0.27256788737342297
316.0	0.305895214459476	-0.305895214459476
251.0	0.3432253553563343	-0.3432253553563343
200.0	0.38450432237121845	-0.38450432237121845
158.0	0.43260116095361734	-0.43260116095361734
126.0	0.48442991191602536	-0.48442991191602536
100.0	0.543771227488454	-0.5437712274884537
79.4	0.6102474493400774	-0.6102474493400776
63.1	0.6845442777614945	-0.6845442777614944
50.1	0.768240787691494	-0.7682407876914981
39.8	0.8619353411204386	-0.8619353411201826
31.6	0.9673256030328732	-0.9673256030408642
25.1	1.0853738737581051	-1.0853738736017693
20.0	1.2159094271398634	-1.2159094285472474
15.8	1.3680049995114136	-1.3680050044378782
12.6	1.5319019738671285	-1.531901726338558
10.0	1.719554320314915	-1.7195553399261487
7.94	1.929770911342072	-1.9297794624408584
6.31	2.164755107777442	-2.164727682272135
5.01	2.4294639618765723	-2.4292553169498037
3.98	2.725336525972457	-2.725244624915708
3.16	3.057213344079682	-3.059190633187957
2.51	3.4298289201792023	-3.4365880139029525
2.0	3.8487976768397676	-3.857031763565613
1.58	4.352156231918307	-4.340774238700449
1.26	4.907742403258599	-4.835856988196236
1.0	5.534287474234103	-5.352516269495487
0.794	6.179108497860066	-5.873225880336246
0.631	6.785685040887107	-6.423926141362194
0.501	7.31058888171699	-7.0749395642362884
0.398	7.725914259241158	-7.915582917185736
0.316	8.034369868176876	-9.055120925953505
0.251	8.25099068507868	-10.597807660192439
0.2	8.396299643845378	-12.628070136402187
0.158	8.495901155132213	-15.403412153317564
0.126	8.557979120130936	-18.86177291898596
0.1	8.598899467883875	-23.389508203274954
0.0794	8.624958566281704	-29.156208273101083
0.0631	8.641466560538626	-36.44753240983573
0.0501	8.651977626725296	-45.71231515937197
0.0398	8.658612384594193	-57.3893316892185
0.0316	8.662815834233957	-72.15938347540356
0.0251	8.66546517041328	-90.7491844270639
0.02	8.66711991387199	-113.81428034958827
0.0158	8.668202181102787	-144.00583549372874
0.0126	8.668856529363122	-180.53107854380826
0.01	8.669279692967896	-227.4303181947668
0.007940000000000001	8.669545870333376	-286.4053990456921
0.0063100000000000005	8.669713179016039	-360.365341235084
0.0050100000000000006	8.669819184314301	-453.8538933940529
0.00398	8.669885887791281	-571.2931613124045
0.00316	8.669928064462466	-719.5278703007625
0.00251	8.669954614315866	-905.8500802292201
0.002	8.66997118406228	-1136.834246422622
0.00158	8.669982015937535	-1439.0243992526134
0.00126	8.669988562917608	-1804.4861441910534
0.001	8.669992795987115	-2273.6486563634844
0.000794	8.669995458328993	-2863.534272968145
0.0006309999999999999	8.669997131641308	-3603.2403754191832
0.0005009999999999999	8.669998191785595	-4538.210985705942
0.000398	8.669998858854207	-5712.67108434407
0.00031600000000000004	8.669999280634853	-7195.07184948694
0.000251	8.669999546140701	-9058.336496992937
0.0002	8.669999711843309	-11368.21154328996
0.00015800000000000002	8.669999820162074	-14390.140564790716
0.000126	8.669999885631587	-18044.778961470216
0.0001	8.669999927964723	-22736.4211029195
7.94e-05	8.669999954591828	-28635.290753849276
6.31e-05	8.669999971335226	-36032.36244844917
5.01e-05	8.669999981940046	-45382.07706121011
3.98e-05	8.669999988627884	-57126.68479004836
3.16e-05	8.66999999285775	-71950.69780925989
2.51e-05	8.669999995558914	-90583.34853927036
2e-05	8.669999997230592	-113682.10234074069
1.58e-05	8.669999998403211	-143901.3953051014
1.26e-05	8.66999999917497	-180447.78136664178
1e-05	8.669999999747802	-227364.20448311526
7.94e-06	8.670000000366432	-286352.9023409055
6.31e-06	8.670000001006795	-360323.6203539152
5.01e-06	8.670000001924915	-453820.7673325151
3.98e-06	8.670000003062517	-571266.8452951439
3.16e-06	8.670000005315925	-719506.9760240383
2.51e-06	8.670000008006337	-905833.4837496377
2e-06	8.670000012708607	-1136821.0220981906
1.58e-06	8.670000021066839	-1439013.9520167345
1.26e-06	8.670000032480354	-1804477.8128416124
1e-06	8.670000051622583	-2273642.0441765464
