10000000000.0	6.1728016771677945	-0.012801628683988374
7940000000.0	6.174366693716168	-0.014366625188533705
6310000000.0	6.176115829805118	-0.016115733077114922
5010000000.0	6.1780862623892485	-0.018086125666931973
3980000000.0	6.180292080608507	-0.02029188751347652
3160000000.0	6.182773255033425	-0.022772982094956006
2510000000.0	6.185552445122919	-0.02555205956962146
2000000000.0	6.1886256371921915	-0.02862509512939387
1580000000.0	6.192206439115512	-0.032205667131174204
1260000000.0	6.1960651134524545	-0.0360640294312227
1000000000.0	6.2004831476197895	-0.04048161444023834
794000000.0	6.205432449691166	-0.04543028267772023
631000000.0	6.210964104923811	-0.050961046148440714
501000000.0	6.217195728918234	-0.05719140543076103
398000000.0	6.224171940662201	-0.0641658345433042
316000000.0	6.232019239082678	-0.07201060814073944
251000000.0	6.240809411962183	-0.08079721990292567
200000000.0	6.250529925091941	-0.09051278388664619
158000000.0	6.261856685656346	-0.10183227388991858
126000000.0	6.27406332365932	-0.11402904471924648
100000000.0	6.288040762469411	-0.12799228038013488
79400000.0	6.303700843216348	-0.14363231830777662
63100000.0	6.321206152099415	-0.16110942841948594
50100000.0	6.3409302554696545	-0.18079354002635623
39800000.0	6.363016307777983	-0.20282322367463543
31600000.0	6.3878675140195025	-0.22759459296412843
25100000.0	6.415715053068903	-0.25532952752683713
20000000.0	6.446524262157635	-0.28598224356154683
15800000.0	6.4824457568194385	-0.3216738463881211
12600000.0	6.521186407948309	-0.3601024581304777
10000000.0	6.565587834049398	-0.40405494189630403
7940000.0	6.615392531329261	-0.453227548933582
6310000.0	6.671153866821336	-0.5080922475019374
5010000.0	6.734101642633105	-0.5697392371258347
3980000.0	6.80466584915076	-0.6385251076339857
3160000.0	6.884090337149692	-0.7158060232120718
2510000.0	6.973526463444714	-0.8026627349810408
2000000.0	7.074256095567138	-0.8988822063839143
1580000.0	7.195427249452901	-1.0090515625495995
1260000.0	7.329608502068468	-1.1213745061784437
1000000.0	7.482281139672854	-1.2382512646674917
794000.0	7.642687330961438	-1.3558080136715558
631000.0	7.800329171424382	-1.479973026660619
501000.0	7.949483625958541	-1.6263916378821197
398000.0	8.089899457857392	-1.8142456998714056
316000.0	8.232027169148934	-2.065735125496436
251000.0	8.393497327612385	-2.3992323486638663
200000.0	8.597659337895937	-2.8241672379533744
158000.0	8.893294453578378	-3.3758749893301516
126000.0	9.302267531813614	-4.010320089435154
100000.0	9.900848704390743	-4.743305529992137
79400.0	10.735626989816403	-5.509245085200988
63100.0	11.839126877532486	-6.217286163677739
50100.0	13.208759680436941	-6.7535472611572684
39800.0	14.754814042229276	-6.998548499583843
31600.0	16.34087221475442	-6.891215849824861
25100.0	17.803081092288895	-6.4557850286748915
20000.0	19.016548382868482	-5.799035775386564
15800.0	19.992691334033474	-5.004327025243457
12600.0	20.675767938026546	-4.234523959614396
10000.0	21.164383957490603	-3.5079014292310653
7940.0	21.495380219858227	-2.8744114110869616
6310.0	21.71611834826696	-2.342679098040254
5010.0	21.86409673514266	-1.9034905770461914
3980.0	21.963571641724926	-1.5490008673024387
3160.0	22.032375473951618	-1.2649897207945513
2510.0	22.081703850788408	-1.0407344738326947
2000.0	22.118792814350435	-0.8672116816550871
1580.0	22.150236619014045	-0.7279824264579449
1260.0	22.17686652326964	-0.6262676021661279
1000.0	22.202633173025486	-0.5488050355008438
794.0	22.228400986542464	-0.4934105265151327
631.0	22.25518783650865	-0.456323005087303
501.0	22.284025355742568	-0.4343905114180622
398.0	22.315409098368733	-0.425613232423531
316.0	22.350093520582362	-0.42832366342854394
251.0	22.388512374164847	-0.44135728466350455
200.0	22.430691859203893	-0.46355794965110364
158.0	22.479602889124678	-0.49593835135067416
126.0	22.53213851316138	-0.5357969963118523
100.0	22.592155756667296	-0.5854249919058027
79.4	22.65928305474197	-0.6442244934518649
63.1	22.73422381118285	-0.7124712580689999
50.1	22.818579277183257	-0.7913699171716317
39.8	22.91296063599658	-0.881290489742542
31.6	23.01908733309159	-0.9836996295890635
25.1	23.137940043278245	-1.0993983173294481
20.0	23.269362453477655	-1.2280859595409503
15.8	23.422510939325072	-1.3786244732900417
12.6	23.587588618359863	-1.541255661156907
10.0	23.77667638925548	-1.7277316919107875
7.94	23.988635628187627	-1.936770126162802
6.31	24.225769327817417	-2.170380568243657
5.01	24.493195670790723	-2.43323010767407
3.98	24.792550913186673	-2.726990840686998
3.16	25.129033449441472	-3.0578215305907337
2.51	25.507819109327862	-3.4306470999383807
2.0	25.934770490414127	-3.8442191580121885
1.58	26.44832204675426	-4.31722075805055
1.26	27.01498240599361	-4.798113853582893
1.0	27.654133014015937	-5.297641652224674
0.794	28.315645235864707	-5.801743300649286
0.631	28.950888429870954	-6.339761249030848
0.501	29.530891670012924	-6.982942859460062
0.39799999999999996	30.04808065635791	-7.817703079331615
0.316	30.53447334870734	-8.94589255866005
0.251	31.04608878427123	-10.458992142466427
0.2	31.658255846629714	-12.42062271703547
0.158	32.52509231582224	-15.04148552848757
0.126	33.733650726502944	-18.197042591678784
0.1	35.56200877922858	-22.117506959122107
0.0794	38.26521868925076	-26.7192320726829
0.0631	42.161064458949426	-31.847688798969866
0.0501	47.60083548786595	-37.2087306920052
0.0398	54.726263992048146	-42.207190777843394
0.0316	63.41435585640359	-46.15489539294122
0.0251	73.02939940184193	-48.41728304125038
0.02	82.5238204373046	-48.79732134230883
0.0158	91.42075822430552	-47.600944252767746
0.0126	98.44770972567355	-45.67286001236687
0.01	103.92586925780918	-43.788106348726416
0.007940000000000001	107.84975024771197	-42.7433441968998
0.0063100000000000005	110.54001457587998	-43.09103454620464
0.0050100000000000006	112.34617008650278	-45.24354411692481
0.00398	113.528839761886	-49.53355946062924
0.00316	114.29964106590751	-56.33688019192604
0.00251	114.79884419964094	-66.05513464257878
0.002	115.12086458992063	-79.04219000425897
0.00158	115.34059155655268	-96.83483567542224
0.00126	115.48059639390885	-118.97089947112283
0.001	115.57641907411555	-147.88918721398008
0.000794	115.64010615383206	-184.65413353178113
0.0006309999999999999	115.6820602311443	-231.07943577517523
0.0005009999999999999	115.70962966026559	-290.01952597394205
0.000398	115.72744419813014	-364.2643369676431
0.00031600000000000004	115.73891705690377	-458.14202759871625
0.000251	115.74622855716024	-576.2713414357295
0.0002	115.75082842921447	-722.8183818773904
0.00015800000000000002	115.75385119137383	-914.6270330859342
0.000126	115.75568436686667	-1146.6608357351097
0.0001	115.7568721436213	-1444.58696373543
7.94e-05	115.75762019791678	-1819.2160964859265
6.31e-05	115.75809076187622	-2289.0273455413267
5.01e-05	115.75838905384188	-2882.883688037623
3.98e-05	115.75857681155598	-3628.875136280318
3.16e-05	115.75869555428136	-4570.480388680612
2.51e-05	115.75877031110146	-5754.019511337597
2e-05	115.75881697042135	-7221.254215205825
1.58e-05	115.75884747378359	-9140.794796377897
1.26e-05	115.7588659111452	-11462.241233628883
1e-05	115.75887783239162	-14442.403378045412
7.94e-06	115.75888533021052	-18189.408610570354
6.31e-06	115.75889004272804	-22888.086058744415
5.01e-06	115.75889302839747	-28827.100099535495
3.98e-06	115.75889490707254	-36287.371626469656
3.16e-06	115.75889609496261	-45703.70840860503
2.51e-06	115.75889684269093	-57539.32496630299
2e-06	115.75889730938194	-72211.84880549987
1.58e-06	115.75889761446024	-91407.4002188218
1.26e-06	115.75889779890663	-114621.97552645225
1e-06	115.75889791816263	-144423.68710568966
