10000000000.0	6.1600000001989335	-5.2526383857176213e-05
7931787475.313466	6.160000000316203	-6.622263143066885e-05
6291325255.353957	6.160000000502602	-8.349017372856821e-05
4990145486.353981	6.160000000798879	-0.00010526022537240587
3958077346.8654532	6.160000001269809	-0.00013270681507112495
3139462832.6189356	6.160000002018348	-0.00016731009936121497
2490155197.497901	6.160000003208142	-0.0002109361853954364
1975138180.710058	6.160000005099306	-0.0002659377675116813
1566637628.3769464	6.160000008105288	-0.00033528100477104103
1242623671.9115055	6.160000012883261	-0.0004227054817916907
985622687.739571	6.1600000204777885	-0.0005329258793383977
781774968.9997524	6.160000032549195	-0.0006718862304706496
620087290.762581	6.160000051736537	-0.0008470804739065321
491840060.6471699	6.160000082234561	-0.0010679565915522906
390117083.28986377	6.160000130710746	-0.001346426124677715
309432579.5144362	6.160000207762946	-0.0016975065460462385
245435345.8646543	6.160000330236263	-0.0021401311298558955
194674100.2328494	6.160000524905691	-0.0026981699938929187
154411358.9994833	6.160000834329561	-0.0034017173757685606
122475808.33582328	6.160001326153488	-0.004288714561236817
97145208.25869757	6.160002107898695	-0.005406995980832395
77053514.61530557	6.160003350467657	-0.00681686880593964
61117210.21545638	6.1600053255055185	-0.008594365134283848
48476872.251305714	6.160008464784685	-0.010835342102666004
38450824.81652768	6.160013454594117	-0.013660650944361603
30498377.069520645	6.160021385766399	-0.01722265355946008
24190664.525741126	6.160033992136823	-0.021713437644255425
19187520.990478326	6.160054029556487	-0.027375172643357128
15219133.86745902	6.1600858782978625	-0.03451316347284209
12071493.539503045	6.160136500503243	-0.04351230291528492
9574852.126495767	6.160216961885594	-0.054857803802461635
7594569.217491764	6.1603448501054565	-0.06916131675933257
6023850.899970236	6.160548117936387	-0.08719381742024476
4777990.512153967	6.160871189986539	-0.10992698748368869
3789800.5301469406	6.1613846645606465	-0.13858522278037252
3005989.2378955837	6.162200723169716	-0.17471087609259722
2384286.7788067264	6.1634975954624425	-0.2202458591373421
1891165.600969468	6.165558375776159	-0.2776332165440475
1500032.362751329	6.168832546874027	-0.34994257561665004
1189793.7907435857	6.174033334977594	-0.44102309698819386
943719.1487625705	6.182291363721331	-0.5556859229958979
748537.9724368443	6.19539615779023	-0.6999135604438103
593724.4114571097	6.216173199179212	-0.8810830212467814
470929.5850583362	6.249066303569779	-1.1081669152490021
373531.3384520279	6.301021379595676	-1.391831161483405
296277.119197087	6.382788560176935	-1.74426118083944
235000.71432694094	6.510745143193111	-2.178393850511301
186397.5722588148	6.709215911008966	-2.705986136489372
147846.5929071301	7.012871225678074	-3.333639945445585
117268.77538885432	7.467864345914233	-4.055743197799504
93015.10038746627	8.128764065441846	-4.843955414368024
73777.60082683298	9.046716736351655	-5.635655678989685
58518.82501969502	10.245528105239583	-6.329505098585848
46415.888336127726	11.691293988317295	-6.80133549845728
36816.09617600463	13.276634449865163	-6.9466691946825225
29201.74505387695	14.84381310804965	-6.730835973478492
23162.203567563814	16.242442092691032	-6.207972032462451
18371.767615786357	17.381737638674508	-5.491664380551224
14572.095627426375	18.243365081284644	-4.703461194698792
11558.276558669064	18.8598292476375	-3.936108161741093
9167.779324426052	19.284418668512675	-3.2435466034586504
7271.68772219203	19.57016786209309	-2.648029921506613
5767.748159927346	19.760510564584813	-2.1518349247662147
4574.855261567401	19.887534327313467	-1.746985836815584
3628.677966507222	19.97357451355262	-1.4214917854142457
2878.1902446687923	20.033643431840893	-1.162749453142145
2282.919333423333	20.077634455077373	-0.9591426453133345
1810.7630975998156	20.112009018261013	-0.8006410685439883
1436.2588058302033	20.140986729523718	-0.6788986424956581
1139.2099607392681	20.16734856995229	-0.5871294049069702
903.5971298344073	20.192965517445202	-0.5199037858238411
716.7140397149748	20.219141643428053	-0.4729333001021576
568.4823443592555	20.246835354339307	-0.4428729380109618
450.908113892558	20.276801987107508	-0.42715144903705904
357.6507330290209	20.3096862442587	-0.4238308744320034
283.68096047762685	20.346082939168483	-0.43149297316875246
225.00970893013348	20.386577918162395	-0.44914894254697063
178.47291911159613	20.431776751175057	-0.4761687153580751
141.56092644919914	20.482326047289746	-0.5122264607134361
112.28311834035286	20.538930515580134	-0.5572594122165188
89.06058317411505	20.602367798035495	-0.611437653969177
70.6409618164559	20.67350241842037	-0.6751429542150164
56.030909617986175	20.753299770578053	-0.7489551296328721
44.44252671383636	20.842840818185927	-0.833644749058055
35.250867676009136	20.94333803670026	-0.9301712490106734
27.960239072650154	21.056153061319435	-1.039685741694629
22.17746740832167	21.182816490866895	-1.163537954181236
17.590695822349844	21.325050324970107	-1.3032868617625721
13.95256608057634	21.48479366560236	-1.460714564347496
11.06687888863989	21.66423148517692	-1.6378428421836395
8.77801313597249	21.86582845220694	-1.8369571531268079
6.962533465004367	22.09239051411064	-2.0606249827052703
5.522533573417251	22.3470959569872	-2.3116343275902334
4.380356262962907	22.633276761862547	-2.5930391126574004
3.4744054943980083	22.95437241747511	-2.9089119741031086
2.7558245984626413	23.315493866124875	-3.2651856057286937
2.185861503424665	23.726305619443977	-3.6677550869279125
1.7337788895633621	24.200920493309287	-4.116551692138405
1.3751965681201566	24.750361300965046	-4.600147378812496
1.090776691510952	25.36957778596576	-5.099064236724202
0.8651808900090429	26.02907130765755	-5.6016184567070395
0.6862430947254284	26.682078030272482	-6.124615182909935
0.5443134383763506	27.2864188670894	-6.723231987484195
0.43173785131583453	27.82599008542654	-7.482708181583213
0.3424452881685684	28.318953425583892	-8.501208021738892
0.27162032476755615	28.814592907224085	-9.877459250471563
0.21544346900318778	29.389162429251677	-11.707140943536146
0.17088518090775698	30.14802262732034	-14.082999118808551
0.13554249376408226	31.235411320831396	-17.09123232877773
0.10750942544107013	32.84903993853654	-20.79707594544435
0.0852741914191627	35.252498844345666	-25.21274689066718
0.06763767634659977	38.77088843211921	-30.2429691377897
0.05364876741052659	43.74444474097221	-35.61418841412189
0.04255306214128201	50.41230900638668	-40.82189620698349
0.033752184532845626	58.731451624470054	-45.169381321671324
0.026771515454209385	68.22203249186686	-47.96892003996692
0.02123459709748589	78.00183802170113	-48.861191205475826
0.016842831130116625	87.07752696529886	-48.040773172333765
0.01335937570066788	94.71684671791988	-46.19314420256262
0.010596372886056455	100.63660089255298	-44.20504812317821
0.00840481777413738	104.93686135896358	-42.886953170035866
0.0066665228353194874	107.91685550892062	-42.855627191303626
0.005287744232907832	109.91604953493872	-44.55707205869471
0.004194126347923936	111.22960341718472	-48.34814451654509
0.003326691883634528	112.08267382753431	-54.58046861996219
0.0026386613016839314	112.63457517401329	-63.66808534126021
0.0020929300664290934	112.99274993884522	-76.14075580206158
0.0016600676487609264	113.22713414783453	-92.69073353038709
0.001316730378461499	113.3819768848215	-114.22042566282498
0.0010444025524245677	113.48485112616096	-141.89660823480108
0.0008283979084506602	113.55311739807406	-177.21585987655905
0.0006570676154824818	113.59809588355186	-222.08603395944994
0.0005211720682918034	113.62743808206015	-278.9292451476891
0.000413382608376014	113.64639326465087	-350.8125439120442
0.00032788629956292796	113.65853950336363	-441.61347081768935
0.0002600724444200111	113.66627567088396	-556.2293556589632
0.00020628393573248017	113.67118212081677	-700.8415824843984
0.0001636200337801254	113.67428502541651	-883.2490518218718
0.0001297799334647565	113.67624366742737	-1113.2888305713927
0.00010293868508027706	113.67747852081186	-1403.3666885978719
8.164877730449787e-05	113.67825644802646	-1769.1261447487022
6.476207491984747e-05	113.67874628143366	-2230.292110636483
5.1367901472455845e-05	113.67905461600277	-2811.734633179602
4.074392775323614e-05	113.67924866452657	-3544.810104506251
3.2317217584819515e-05	113.67937077261384	-4469.052270106575
2.5633330167625153e-05	113.67944760502195	-5634.304229628281
2.0331812717414403e-05	113.67949594684256	-7103.406406505239
1.612676174624066e-05	113.67952636186239	-8955.585445068462
1.2791404683619599e-05	113.6795454975758	-11290.726793750611
1.0145870346119995e-05	113.67955753672685	-14234.761388917837
8.047488733750887e-06	113.67956511104272	-17946.456935743943
6.383097034609151e-06	113.67956987633708	-22625.98003050192
5.062936911282339e-06	113.67957287434962	-28525.69086766654
4.01581395812115e-06	113.67957476051116	-35963.75267542243
3.1852582856214338e-06	113.67957594716765	-45341.289817572666
2.5264791775530533e-06	113.67957669372325	-57164.01987450299
2.003949589715557e-06	113.67957716339414	-72069.52629134475
1.5894902256865416e-06	113.67957745891765	-90861.64236945137
1.2607498664233686e-06	113.67957764474419	-114553.80088219163
1e-06	113.67957776171654	-144423.68709975271
