10000000000.0	6.160000000099147	-2.6219924725683302e-05
7931787475.313466	6.160000000157591	-3.305676659484997e-05
6291325255.353957	6.16000000025049	-4.1676314067560125e-05
4990145486.353981	6.160000000398151	-5.254340739127821e-05
3958077346.8654532	6.160000000632857	-6.624409384542446e-05
3139462832.6189356	6.160000001005917	-8.351723245832935e-05
2490155197.497901	6.160000001598893	-0.00010529433964950696
1975138180.710058	6.16000000254142	-0.00013274982461704293
1566637628.3769464	6.160000004039554	-0.00016736432359400622
1242623671.9115055	6.160000006420815	-0.00021100454850078428
985622687.739571	6.160000010205795	-0.00026602395611703667
781774968.9997524	6.160000016221961	-0.00033538966671541054
620087290.762581	6.160000025784559	-0.0004228424766897249
491840060.6471699	6.160000040984145	-0.000533098594410713
390117083.28986377	6.160000065143615	-0.0006721039785928292
309432579.5144362	6.1600001035446335	-0.0008473549951858793
245435345.8646543	6.1600001645822795	-0.0010683026851718302
194674100.2328494	6.1600002616003104	-0.0013468624444700754
154411358.9994833	6.160000415808253	-0.0016980566014917532
122475808.33582328	6.160000660917999	-0.0021408245440918084
97145208.25869757	6.160001050513476	-0.0026990440818275775
77053514.61530557	6.16000166976439	-0.0034028191179821046
61117210.21545638	6.160002654044576	-0.004290103061397987
48476872.251305714	6.160004218524759	-0.005408745501937597
38450824.81652768	6.1600067052082	-0.006819072475057234
30498377.069520645	6.160010657690138	-0.008597139368132972
24190664.525741126	6.16001693998096	-0.010838831698879652
19187520.990478326	6.160026925362397	-0.013665034527239531
15219133.86745902	6.160042796548572	-0.017228148505510476
12071493.539503045	6.160068022740052	-0.021720302421584042
9574852.126495767	6.160108117793664	-0.027383702036464373
7594569.217491764	6.160171845103452	-0.03452366714001988
6023850.899970236	6.160273132252343	-0.04352504755431908
4777990.512153967	6.160434113203363	-0.05487287870737128
3789800.5301469406	6.160689961200021	-0.0691783413866231
3005989.2378955837	6.1610965643599505	-0.08721132705950135
2384286.7788067264	6.16174271088007	-0.10994116792569131
1891165.600969468	6.162769420549543	-0.13858733457566932
1500032.362751329	6.164400581657809	-0.17468204950001986
1189793.7907435857	6.166991424667026	-0.22014662646562477
943719.1487625705	6.1711050161575365	-0.27738253594267653
748537.9724368443	6.17763246638989	-0.34937592870765494
593724.4114571097	6.187980569874665	-0.4398090729282622
470929.5850583362	6.204361555755061	-0.5531609145438987
373531.3384520279	6.230232672806344	-0.6947563597447544
296277.119197087	6.270943702319892	-0.8706807993627902
235000.71432694094	6.334643250324591	-1.0873997401935276
186397.5722588148	6.433432271729034	-1.3508013465937854
147846.5929071301	6.584557127130835	-1.664225550198679
117268.77538885432	6.810979948441899	-2.0249643627806457
93015.10038746627	7.139870567354493	-2.4190476779038947
73777.60082683298	7.596761521195464	-2.8155047405866895
58518.82501969502	8.193720257740281	-3.164120927748111
46415.888336127726	8.914287679787112	-3.4032190549480945
36816.09617600463	9.705545942922912	-3.480633505385933
29201.74505387695	10.48935434245126	-3.378583810213879
23162.203567563814	11.190808823690311	-3.1233416240414624
18371.767615786357	11.764269814009637	-2.7709739856010858
14572.095627426375	12.200030264176672	-2.3818994258415027
11558.276558669064	12.513822797970736	-2.0025106125997407
9167.779324426052	12.731952210988283	-1.660011279772763
7271.68772219203	12.880784903150815	-1.3658197888616115
5767.748159927346	12.982019679383658	-1.1213419002326597
4574.855261567401	13.051757492710353	-0.9228080324626816
3628.677966507222	13.10125964408931	-0.7643959936311201
2878.1902446687923	13.138141445397764	-0.6399453246102
2282.919333423333	13.167465097703213	-0.5437702917199155
1810.7630975998156	13.19258045123328	-0.4709699906427013
1436.2588058302033	13.21572047269346	-0.4174855882783597
1139.2099607392681	13.238404646128116	-0.38004435832763545
903.5971298344073	13.261705630187318	-0.35606259319796074
716.7140397149748	13.28642333809739	-0.34354198265496955
568.4823443592555	13.313198156800778	-0.34097451974478615
450.908113892558	13.342584899422214	-0.34726134117282026
357.6507330290209	13.375101769040612	-0.3616464180364675
283.68096047762685	13.411263620519954	-0.383664118260001
225.00970893013348	13.451605508993172	-0.41309902570026286
178.47291911159613	13.496700374976765	-0.4499563452082636
141.56092644919914	13.547173345680573	-0.4944414147898708
112.28311834035286	13.603714260877304	-0.5469471275168256
89.06058317411505	13.66708948103539	-0.6080483667213087
70.6409618164559	13.738153688780688	-0.6785028510547946
56.030909617986175	13.81786217676705	-0.759258064799668
44.44252671383636	13.907283976853819	-0.8514642168679791
35.250867676009136	14.007616094893283	-0.9564934373375095
27.960239072650154	14.120199050214461	-1.0759656934799136
22.17746740832167	14.246533861339366	-1.2117821997325138
17.590695822349844	14.388300567654696	-1.3661674203684873
13.95256608057634	14.54737820976203	-1.541721036729901
11.06687888863989	14.72586589947428	-1.741482617926631
8.77801313597249	14.926109994771073	-1.9690103032896102
6.962533465004367	15.15072476223118	-2.228453495413863
5.522533573417251	15.402526899033347	-2.5246805093880127
4.380356262962907	15.684562753316264	-2.863703057840764
3.4744054943980083	16.000873264356258	-3.2530109531359703
2.7558245984626413	16.357477550768635	-3.7003003295832393
2.185861503424665	16.760655899688523	-4.210633788515115
1.7337788895633621	17.210769808792023	-4.786318327774216
1.3751965681201566	17.695933722781614	-5.434492410200643
1.090776691510952	18.1939507796345	-6.180639063538426
0.8651808900090429	18.685546482114685	-7.078236566805159
0.6862430947254284	19.17121245970266	-8.206733602348654
0.5443134383763506	19.681809085111148	-9.661055395729697
0.43173785131583453	20.28203022658588	-11.541388963279996
0.3424452881685684	21.073266528484037	-13.946598817306747
0.27162032476755615	22.20140349730954	-16.966973526803244
0.21544346900318778	23.869674608739594	-20.66831380665857
0.17088518090775698	26.35020817198271	-25.05884939712163
0.13554249376408226	29.97911910043597	-30.033132772021343
0.10750942544107013	35.1088275520886	-35.298733783490135
0.0852741914191627	41.98850788198905	-40.32091082829945
0.06763767634659977	50.57720097077686	-44.36077274510412
0.05364876741052659	60.38302388451068	-46.68078767798047
0.04255306214128201	70.4965099511999	-46.8734096267336
0.033752184532845626	79.88988726990995	-45.094469106240766
0.026771515454209385	87.80248313210251	-41.99860331001522
0.02123459709748589	93.93740483518408	-38.43808110440662
0.016842831130116625	98.39532712463262	-35.17137757235627
0.01335937570066788	101.48442313194083	-32.735917288975934
0.010596372886056455	103.55547571742018	-31.465456901408714
0.00840481777413738	104.91385593797862	-31.567415680308294
0.0066665228353194874	105.7926783897186	-33.20109167687271
0.005287744232907832	106.35717988493904	-36.53676657837563
0.004194126347923936	106.71945844292887	-41.796838543254296
0.003326691883634528	106.95355375110273	-49.2861752118537
0.0026386613016839314	107.10744175629969	-59.41856006424439
0.0020929300664290934	107.2115344737206	-72.7444224987066
0.0016600676487609264	107.28442312238113	-89.98366218317051
0.001316730378461499	107.33689683195745	-112.06648018527623
0.0010444025524245677	107.37500720967674	-140.18468840523585
0.0008283979084506602	107.40236554458275	-175.85623767078965
0.0006570676154824818	107.42153814977524	-221.00670820303057
0.0005211720682918034	107.43461707442083	-278.0726773724518
0.000413382608376014	107.4433296334616	-350.1328762455933
0.00032788629956292796	107.44902774448435	-441.07421768684134
0.0002600724444200111	107.45270559549313	-555.8015197753449
0.00020628393573248017	107.45505821583048	-700.5021331128538
0.0001636200337801254	107.45655418686414	-882.9797038128193
0.0001297799334647565	107.45750176265685	-1113.075068779107
0.00010293868508027706	107.45810048535776	-1403.196990343393
8.164877730449787e-05	107.458478187907	-1768.9913610339775
6.476207491984747e-05	107.45871622137904	-2230.1849740567077
5.1367901472455845e-05	107.45886613821514	-2811.649366653268
4.074392775323614e-05	107.45896052012313	-3544.742110049995
3.2317217584819515e-05	107.45901992435617	-4468.997881034401
2.5633330167625153e-05	107.4590573075928	-5634.260512893148
2.0331812717414403e-05	107.45908083060493	-7103.37100456425
1.612676174624066e-05	107.45909563128184	-8955.556448763995
1.2791404683619599e-05	107.45910494349579	-11290.702639362113
1.0145870346119995e-05	107.45911080236272	-14234.740773837604
8.047488733750887e-06	107.45911448845492	-17946.438748231725
6.383097034609151e-06	107.4591168075548	-22625.963289731662
5.062936911282339e-06	107.45911826657135	-28525.67467083232
4.01581395812115e-06	107.45911918451691	-35963.73614905175
3.1852582856214338e-06	107.45911976200462	-45341.27207042141
2.5264791775530533e-06	107.4591201253347	-57163.99994949195
2.003949589715557e-06	107.4591203539279	-72069.50311394573
1.5894902256865416e-06	107.45912049770911	-90861.61468973942
1.2607498664233686e-06	107.45912058818926	-114553.7672074381
1e-06	107.45912064509744	-144423.64561392507
