10000000000.0	6.160000000066165	-1.748955418489382e-05
7931787475.313466	6.1600000001051685	-2.2049953101815338e-05
6291325255.353957	6.160000000167164	-2.7799475426654655e-05
4990145486.353981	6.160000000265705	-3.504818492874865e-05
3958077346.8654532	6.160000000422335	-4.418699446348618e-05
3139462832.6189356	6.160000000671296	-5.570874736035309e-05
2490155197.497901	6.160000001067015	-7.023479577978279e-05
1975138180.710058	6.160000001696005	-8.854850937240845e-05
1566637628.3769464	6.160000002695774	-0.0001116375213155914
1242623671.9115055	6.160000004284892	-0.00014074698999611438
985622687.739571	6.160000006810765	-0.00017744674866523194
781774968.9997524	6.160000010825596	-0.00022371596434897834
620087290.762581	6.160000017207089	-0.00028204987154182296
491840060.6471699	6.160000027350341	-0.00035559433666507335
390117083.28986377	6.160000043472817	-0.0004483155101280078
309432579.5144362	6.160000069099111	-0.0005652137150201419
245435345.8646543	6.160000109831457	-0.0007125931070135498
194674100.2328494	6.160000174574413	-0.0008984016475807346
154411358.9994833	6.160000277481439	-0.001132659724261473
122475808.33582328	6.160000441048882	-0.0014280005317868483
97145208.25869757	6.160000701033676	-0.0018003513539115083
77053514.61530557	6.160001114269696	-0.002269792482271939
61117210.21545638	6.160001771091288	-0.002861640084111541
48476872.251305714	6.1600028150794035	-0.003607811399626926
38450824.81652768	6.160004474446235	-0.004548545858750029
30498377.069520645	6.160007111917657	-0.0057345748684098806
24190664.525741126	6.160011304015071	-0.00722985715174
19187520.990478326	6.160017967062072	-0.009115026889078467
15219133.86745902	6.160028557449392	-0.011491740089695814
12071493.539503045	6.160045389911653	-0.01448815254218449
9574852.126495767	6.160072143338903	-0.018265822675433013
7594569.217491764	6.160114664578696	-0.02302840742830764
6023850.899970236	6.160182245683363	-0.02903261177246294
4777990.512153967	6.160289653222493	-0.036601965783962825
3789800.5301469406	6.16046035190294	-0.0461441390963057
3005989.2378955837	6.160731623946199	-0.0581726602812707
2384286.7788067264	6.161162695554959	-0.0733340802614966
1891165.600969468	6.161847628064571	-0.09244178075981195
1500032.362751329	6.162935745630336	-0.11651772465614214
1189793.7907435857	6.164663951231685	-0.14684335115217306
943719.1487625705	6.167407713983253	-0.18502027578946373
748537.9724368443	6.171761176351532	-0.23303993892257993
593724.4114571097	6.178662164771783	-0.29335782296124824
470929.5850583362	6.189585160443956	-0.36896035837723534
373531.3384520279	6.206833925293065	-0.46339757410468085
296277.119197087	6.233972283634991	-0.5807258821988153
235000.71432694094	6.276426570691012	-0.725254457304389
186397.5722588148	6.3422515015241165	-0.9009077514644956
147846.5929071301	6.442920585590243	-1.10991490537974
117268.77538885432	6.59370051698045	-1.350485742317631
93015.10038746627	6.812644185199821	-1.6133538935445952
73777.60082683298	7.116709897783414	-1.877980761063508
58518.82501969502	7.513927849196226	-2.1110826415276907
46415.888336127726	7.993443309357828	-2.2717882097680517
36816.09617600463	8.520278618345904	-2.3255003859998538
29201.74505387695	9.042740090840317	-2.260327024645575
23162.203567563814	9.511188822888528	-2.0934991321973078
18371.767615786357	9.89524789851629	-1.8620209798516365
14572.095627426375	10.188282288732925	-1.6058988050877938
11558.276558669064	10.400543080249916	-1.3559666522631073
9167.779324426052	10.549369074765035	-1.1304078641432298
7271.68772219203	10.652220732240208	-0.9369527058342603
5767.748159927346	10.723520075597758	-0.7766734001121263
4574.855261567401	10.774008020840323	-0.6471832078953222
3628.677966507222	10.81122962178082	-0.5447112992328169
2878.1902446687923	10.840316496733204	-0.4652476098517804
2282.919333423333	10.864708074366465	-0.40508973864415365
1810.7630975998156	10.886708751361994	-0.36105485765665335
1436.2588058302033	10.907883848036867	-0.3305224507228674
1139.2099607392681	10.929328777621407	-0.3114008959087711
903.5971298344073	10.95184770545849	-0.3020661263325511
716.7140397149748	10.97607082771437	-0.30129566610222236
568.4823443592555	11.002531264534516	-0.30820830529746707
450.908113892558	11.031715902272126	-0.3222132171223376
357.6507330290209	11.064099686091257	-0.34296930865669417
283.68096047762685	11.100169557117564	-0.37035432931569373
225.00970893013348	11.140442037085421	-0.40444284656751145
178.47291911159613	11.185477037986255	-0.4454921849434082
141.56092644919914	11.235889556099025	-0.49393559032354745
112.28311834035286	11.292360320227772	-0.5503821232522015
89.06058317411505	11.35564608319683	-0.61562305871791
70.6409618164559	11.426589994284548	-0.6906448617843474
56.030909617986175	11.506132315278954	-0.7766491208022566
44.44252671383636	11.595321607508106	-0.8750801638156093
35.250867676009136	11.695326394072914	-0.9876614766651725
27.960239072650154	11.807447167190208	-1.1164425065118844
22.17746740832167	11.933128441240466	-1.2638580023440327
17.590695822349844	12.0739703277821	-1.4328027470785825
13.95256608057634	12.231738678409457	-1.6267255169715125
11.06687888863989	12.408373244907553	-1.849747347117813
8.77801313597249	12.605991448057168	-2.1068052443011562
6.962533465004367	12.826859238728478	-2.4038399522714493
5.522533573417251	13.07337687510232	-2.7481280058889226
4.380356262962907	13.348348261753724	-3.1486116002472904
3.4744054943980083	13.655207476393056	-3.615504532311845
2.7558245984626413	13.996504436760798	-4.159478626778669
2.185861503424665	14.370094936497928	-4.7934896375417235
1.7337788895633621	14.766983325491113	-5.539959382871142
1.3751965681201566	15.17641750908869	-6.440204376348394
1.090776691510952	15.598016060538747	-7.558637379971416
0.8651808900090429	16.054086638206854	-8.978572895193789
0.6862430947254284	16.597249803570655	-10.793991792338039
0.5443134383763506	17.315601753377347	-13.102060315439838
0.43173785131583453	18.340484537424594	-15.995383427139583
0.3424452881685684	19.858800238379523	-19.54775208771403
0.27162032476755615	22.12586162338995	-23.785010263850783
0.21544346900318778	25.466384015752162	-28.633870260545947
0.17088518090775698	30.239888464810733	-33.850035262306925
0.13554249376408226	36.73972642500352	-38.95181209449167
0.10750942544107013	45.01652101518499	-43.226145964727465
0.0852741914191627	54.694229454043764	-45.89097987082827
0.06763767634659977	64.9399957073301	-46.410788470879666
0.05364876741052659	74.70626670466051	-44.78160737703484
0.04255306214128201	83.1267831118405	-41.546893641527554
0.033752184532845626	89.78133031125432	-37.53102911291873
0.026771515454209385	94.68742925923222	-33.519358942331195
0.02123459709748589	98.12236917331047	-30.082739114635213
0.016842831130116625	100.44133705562531	-27.56465820716492
0.01335937570066788	101.96880206938968	-26.14942529711997
0.010596372886056455	102.95889664375818	-25.941629637871042
0.00840481777413738	103.59438650287046	-27.02777714726628
0.0066665228353194874	104.00024671490544	-29.51762277522647
0.005287744232907832	104.25940801193791	-33.57159639870304
0.004194126347923936	104.426025107662	-39.42135204277327
0.003326691883634528	104.53501343485219	-47.388414203255586
0.0026386613016839314	104.6086570766789	-57.90469111072348
0.0020929300664290934	104.66088870823184	-71.53773930059505
0.0016600676487609264	104.69981415015502	-89.0222562935759
0.001316730378461499	104.72977723446316	-111.30080534835277
0.0010444025524245677	104.7528792115189	-139.57528562323103
0.0008283979084506602	104.7701282403114	-175.37153340565675
0.0006570676154824818	104.78288467585897	-220.62126778086832
0.0005211720682918034	104.79151140877644	-277.7665778352387
0.000413382608376014	104.79744798551064	-349.8896273616029
0.00032788629956292796	104.80125837552872	-440.8810249407158
0.0002600724444200111	104.80410531473416	-555.6485175404599
0.00020628393573248017	104.80479856454535	-700.3802131381354
0.0001636200337801254	104.80711058794338	-882.882810753297
0.0001297799334647565	104.80704797533225	-1112.9986996970206
0.00010293868508027706	104.80874361938731	-1403.134342557691
8.164877730449787e-05	104.81424353737923	-1768.9456316050016
6.476207491984747e-05	104.8124341790164	-2230.14703383189
5.1367901472455845e-05	104.81198724827033	-2811.6186198196647
4.074392775323614e-05	104.80846997419196	-3544.7072414970867
3.2317217584819515e-05	104.83004758247665	-4468.952773608188
2.5633330167625153e-05	104.82920350056925	-5634.190609176663
2.0331812717414403e-05	104.85287737711393	-7103.303274488139
1.612676174624066e-05	104.80653994505484	-8955.596479696502
1.2791404683619599e-05	104.87155403980029	-11290.727644361827
1.0145870346119995e-05	104.92800952768194	-14235.119350831897
8.047488733750887e-06	104.7614685994675	-17946.129793021217
6.383097034609151e-06	105.13236752930149	-22626.15422015807
5.062936911282339e-06	104.9241474239073	-28523.578495478832
4.01581395812115e-06	103.25100083916324	-35963.98902092032
3.1852582856214338e-06	104.10646671784087	-45343.39482393923
2.5264791775530533e-06	109.79833480502327	-57169.0016927062
2.003949589715557e-06	111.38719997294557	-72071.51658004304
1.5894902256865416e-06	102.33252948424511	-90859.76366879049
1.2607498664233686e-06	130.6541781515115	-114576.07908631592
1e-06	122.68408993334161	-144461.3609082958
